Oscilloscope data. 
Time step = 1,000 uS
Voltage step = 62,50 mV
Zero level = 96

N 	Smpl.	Trig

0	109	0
1	124	0
2	139	0
3	153	0
4	159	0
5	159	0
6	150	0
7	137	0
8	120	0
9	107	0
10	97	0
11	97	0
12	103	0
13	115	0
14	131	0
15	147	0
16	157	0
17	160	0
18	155	0
19	143	0
20	129	0
21	113	0
22	101	0
23	97	0
24	99	0
25	109	0
26	123	0
27	139	0
28	152	0
29	159	0
30	159	0
31	150	0
32	137	0
33	120	0
34	107	0
35	98	0
36	95	0
37	103	0
38	115	0
39	131	0
40	147	0
41	157	0
42	161	0
43	156	0
44	144	0
45	129	0
46	113	0
47	101	0
48	95	0
49	99	0
50	109	0
51	123	0
52	139	0
53	153	0
54	159	0
55	160	0
56	151	0
57	137	0
58	121	0
59	107	0
60	98	0
61	97	0
62	103	0
63	115	0
64	132	0
65	147	0
66	157	0
67	160	0
68	155	0
69	144	0
70	128	0
71	113	0
72	101	0
73	95	0
74	99	0
75	109	0
76	123	0
77	140	0
78	153	0
79	159	0
80	158	0
81	150	0
82	137	0
83	120	0
84	107	0
85	97	0
86	97	0
87	103	0
88	115	0
89	131	0
90	145	0
91	157	0
92	161	0
93	155	0
94	144	0
95	129	0
96	113	0
97	101	0
98	96	0
99	99	0
100	109	0
101	124	0
102	140	0
103	153	0
104	159	0
105	159	0
106	150	0
107	137	0
108	121	0
109	107	0
110	98	0
111	95	0
112	103	0
113	116	0
114	131	0
115	147	0
116	157	0
117	161	0
118	155	0
119	143	0
120	129	0
121	113	0
122	101	0
123	96	0
124	99	0
125	109	0
126	124	0
127	139	0
128	153	0
129	159	0
130	159	0
131	150	0
132	137	0
133	121	0
134	107	0
135	98	0
136	97	0
137	103	0
138	116	0
139	132	0
140	147	0
141	157	0
142	161	0
143	155	0
144	144	0
145	129	0
146	113	0
147	101	0
148	96	0
149	99	0
150	109	0
151	123	0
152	139	0
153	153	0
154	159	0
155	159	0
156	150	0
157	137	0
158	121	0
159	106	0
160	98	0
161	97	0
162	103	0
163	116	0
164	131	0
165	147	0
166	157	0
167	161	0
168	155	0
169	143	0
170	129	0
171	113	0
172	101	0
173	97	0
174	99	0
175	109	0
176	124	0
177	139	0
178	152	0
179	159	0
180	160	0
181	150	0
182	136	0
183	121	0
184	107	0
185	99	0
186	97	0
187	103	0
188	116	0
189	132	0
190	147	0
191	157	0
192	160	0
193	156	0
194	144	0
195	129	0
196	113	0
197	101	0
198	96	0
199	99	0
200	109	0
201	123	0
202	139	0
203	153	0
204	159	0
205	159	0
206	150	0
207	137	0
208	121	0
209	107	0
210	97	0
211	95	0
212	103	0
213	115	0
214	132	0
215	147	0
216	157	0
217	160	0
218	155	0
219	144	0
220	128	0
221	113	0
222	102	0
223	97	0
224	99	0
225	109	0
226	123	0
227	140	0
228	153	0
229	159	0
230	158	0
231	150	0
232	137	0
233	121	0
234	107	0
235	97	0
236	95	0
237	103	0
238	115	0
239	131	0
240	146	0
241	157	0
242	160	0
243	155	0
244	143	0
245	129	0
246	113	0
247	102	0
248	96	0
249	99	0
250	109	0
251	123	0
252	139	0
253	153	0
254	159	0
255	159	0
256	150	0
257	137	0
258	121	0
259	107	0
260	97	0
261	97	0
262	103	0
263	116	0
264	133	0
265	147	0
266	157	0
267	161	0
268	156	0
269	144	0
270	129	0
271	113	0
272	101	0
273	96	0
274	99	0
275	109	0
276	123	0
277	139	0
278	153	0
279	159	0
280	159	0
281	150	0
282	137	0
283	121	0
284	107	0
285	97	0
286	97	0
287	103	0
288	116	0
289	131	0
290	147	0
291	157	0
292	161	0
293	155	0
294	144	0
295	129	0
296	113	0
297	101	0
298	95	0
299	99	0
300	109	0
301	123	0
302	139	0
303	153	0
304	159	0
305	159	0
306	150	0
307	137	0
308	121	0
309	107	0
310	97	0
311	97	0
312	103	0
313	115	0
314	132	0
315	147	0
316	157	0
317	161	0
318	155	0
319	143	0
320	129	0
321	113	0
322	102	0
323	96	0
324	99	0
325	109	0
326	124	0
327	139	0
328	153	0
329	159	0
330	158	0
331	150	0
332	137	0
333	121	0
334	106	0
335	97	0
336	97	0
337	103	0
338	115	0
339	131	0
340	147	0
341	157	0
342	161	0
343	155	0
344	144	0
345	129	0
346	113	0
347	102	0
348	96	0
349	99	0
350	109	0
351	123	0
352	140	0
353	153	0
354	159	0
355	159	0
356	150	0
357	137	0
358	121	0
359	107	0
360	97	0
361	97	0
362	103	0
363	115	0
364	131	0
365	146	0
366	157	0
367	160	0
368	155	0
369	143	0
370	129	0
371	113	0
372	101	0
373	97	0
374	99	0
375	109	0
376	123	0
377	139	0
378	153	0
379	159	0
380	159	0
381	150	0
382	137	0
383	121	0
384	107	0
385	97	0
386	97	0
387	103	0
388	116	0
389	132	0
390	147	0
391	157	0
392	161	0
393	155	0
394	144	0
395	129	0
396	113	0
397	101	0
398	95	0
399	99	0
400	109	0
401	124	0
402	140	0
403	153	0
404	159	0
405	159	0
406	150	0
407	137	0
408	120	0
409	107	0
410	98	0
411	95	0
412	103	0
413	115	0
414	131	0
415	147	0
416	157	0
417	161	0
418	155	0
419	144	0
420	129	0
421	113	0
422	101	0
423	97	0
424	99	0
425	109	0
426	124	0
427	139	0
428	153	0
429	159	0
430	159	0
431	151	0
432	137	0
433	121	0
434	107	0
435	97	0
436	95	0
437	103	0
438	115	0
439	131	0
440	146	0
441	157	0
442	161	0
443	155	0
444	143	0
445	129	0
446	113	0
447	101	0
448	96	0
449	99	0
450	109	0
451	124	0
452	139	0
453	152	0
454	159	0
455	159	0
456	150	0
457	137	0
458	121	0
459	107	0
460	97	0
461	95	0
462	103	0
463	116	0
464	131	0
465	147	0
466	157	0
467	161	0
468	155	0
469	143	0
470	129	0
471	113	0
472	101	0
473	95	0
474	99	0
475	109	0
476	123	0
477	139	0
478	153	0
479	159	0
480	159	0
481	150	0
482	137	0
483	121	0
484	106	0
485	97	0
486	97	0
487	103	0
488	115	0
489	132	0
490	147	0
491	157	0
492	160	0
493	155	0
494	144	0
495	129	0
496	113	0
497	101	0
498	96	0
499	99	0
500	109	0
501	124	0
502	140	0
503	152	0
504	159	0
505	159	0
506	150	0
507	137	0
508	121	0
509	107	0
510	98	0
511	95	0
512	103	0
513	116	0
514	131	0
515	147	0
516	157	0
517	161	0
518	156	0
519	144	0
520	129	0
521	113	0
522	101	0
523	96	0
524	99	0
525	109	0
526	123	0
527	139	0
528	153	0
529	159	0
530	158	0
531	150	0
532	137	0
533	121	0
534	107	0
535	97	0
536	95	0
537	103	0
538	116	0
539	131	0
540	147	0
541	157	0
542	161	0
543	155	0
544	145	0
545	129	0
546	113	0
547	102	0
548	95	0
549	98	0
550	109	0
551	123	0
552	139	0
553	152	0
554	160	0
555	159	0
556	150	0
557	137	0
558	120	0
559	107	0
560	97	0
561	97	0
562	103	0
563	115	0
564	131	0
565	147	0
566	157	0
567	161	0
568	155	0
569	144	0
570	129	0
571	113	0
572	101	0
573	95	0
574	99	0
575	109	0
576	123	0
577	139	0
578	153	0
579	159	0
580	159	0
581	150	0
582	137	0
583	121	0
584	107	0
585	98	0
586	95	0
587	103	0
588	115	0
589	132	0
590	147	0
591	157	0
592	161	0
593	156	0
594	144	0
595	129	0
596	113	0
597	101	0
598	95	0
599	99	0
600	109	0
601	123	0
602	140	0
603	152	0
604	159	0
605	158	0
606	150	0
607	137	0
608	121	0
609	107	0
610	97	0
611	96	0
612	103	0
613	116	0
614	132	0
615	147	0
616	157	0
617	160	0
618	155	0
619	144	0
620	129	0
621	113	0
622	101	0
623	97	0
624	99	0
625	109	0
626	123	0
627	139	0
628	153	0
629	159	0
630	159	0
631	150	0
632	137	0
633	121	0
634	106	0
635	97	0
636	97	0
637	103	0
638	115	0
639	131	0
640	147	0
641	157	0
642	161	0
643	156	0
644	144	0
645	129	0
646	113	0
647	102	0
648	96	0
649	99	0
650	109	0
651	123	0
652	139	0
653	153	0
654	159	0
655	159	0
656	150	0
657	137	0
658	121	0
659	107	0
660	97	0
661	97	0
662	103	0
663	115	0
664	132	0
665	146	0
666	157	0
667	161	0
668	156	0
669	144	0
670	129	0
671	113	0
672	101	0
673	95	0
674	99	0
675	109	0
676	123	0
677	139	0
678	153	0
679	159	0
680	158	0
681	150	0
682	137	0
683	121	0
684	107	0
685	97	0
686	97	0
687	103	0
688	116	0
689	131	0
690	147	0
691	157	0
692	161	0
693	155	0
694	144	0
695	129	0
696	113	0
697	101	0
698	95	0
699	99	0
700	109	0
701	123	0
702	139	0
703	153	0
704	159	0
705	160	0
706	150	0
707	137	0
708	121	0
709	106	0
710	97	0
711	97	0
712	103	0
713	116	0
714	131	0
715	147	0
716	157	0
717	161	0
718	155	0
719	143	0
720	129	0
721	113	0
722	101	0
723	96	0
724	99	0
725	109	0
726	124	0
727	139	0
728	153	0
729	159	0
730	159	0
731	150	0
732	137	0
733	121	0
734	107	0
735	97	0
736	95	0
737	103	0
738	115	0
739	131	0
740	147	0
741	157	0
742	160	0
743	155	0
744	144	0
745	129	0
746	113	0
747	101	0
748	97	0
749	99	0
750	109	0
751	124	0
752	139	0
753	152	0
754	159	0
755	160	0
756	151	0
757	137	0
758	121	0
759	107	0
760	97	0
761	97	0
762	103	0
763	115	0
764	132	0
765	147	0
766	157	0
767	161	0
768	155	0
769	144	0
770	129	0
771	113	0
772	101	0
773	97	0
774	99	0
775	109	0
776	123	0
777	139	0
778	153	0
779	159	0
780	159	0
781	151	0
782	137	0
783	120	0
784	107	0
785	97	0
786	96	0
787	103	0
788	115	0
789	131	0
790	147	0
791	157	0
792	161	0
793	155	0
794	144	0
795	129	0
796	113	0
797	101	0
798	97	0
799	99	0
800	109	0
801	123	0
802	140	0
803	152	0
804	159	0
805	159	0
806	150	0
807	137	0
808	121	0
809	107	0
810	97	0
811	97	0
812	103	0
813	116	0
814	131	0
815	147	0
816	157	0
817	160	0
818	155	0
819	144	0
820	129	0
821	113	0
822	101	0
823	96	0
824	99	0
825	109	0
826	123	0
827	140	0
828	153	0
829	159	0
830	159	0
831	150	0
832	137	0
833	120	0
834	107	0
835	97	0
836	97	0
837	103	0
838	115	0
839	131	0
840	147	0
841	157	0
842	161	0
843	155	0
844	143	0
845	129	0
846	113	0
847	101	0
848	96	0
849	99	0
850	109	0
851	123	0
852	139	0
853	153	0
854	159	0
855	159	0
856	151	0
857	137	0
858	121	0
859	106	0
860	97	0
861	95	0
862	103	0
863	116	0
864	131	0
865	147	0
866	157	0
867	160	0
868	155	0
869	144	0
870	129	0
871	113	0
872	101	0
873	96	0
874	99	0
875	109	0
876	123	0
877	139	0
878	153	0
879	159	0
880	159	0
881	151	0
882	137	0
883	120	0
884	107	0
885	98	0
886	95	0
887	103	0
888	116	0
889	131	0
890	147	0
891	157	0
892	161	0
893	155	0
894	144	0
895	129	0
896	113	0
897	102	0
898	97	0
899	99	0
900	109	0
901	124	0
902	139	0
903	153	0
904	159	0
905	159	0
906	150	0
907	137	0
908	120	0
909	107	0
910	97	0
911	97	0
912	103	0
913	115	0
914	131	0
915	147	0
916	157	0
917	161	0
918	155	0
919	143	0
920	129	0
921	113	0
922	101	0
923	96	0
924	99	0
925	109	0
926	123	0
927	140	0
928	153	0
929	159	0
930	159	0
931	150	0
932	137	0
933	121	0
934	107	0
935	97	0
936	97	0
937	103	0
938	116	0
939	131	0
940	147	0
941	157	0
942	161	0
943	155	0
944	145	0
945	129	0
946	113	0
947	101	0
948	96	0
949	99	0
950	109	0
951	124	0
952	139	0
953	153	0
954	159	0
955	158	0
956	151	0
957	137	0
958	121	0
959	107	0
960	97	0
961	95	0
962	103	0
963	115	0
964	132	0
965	146	0
966	157	0
967	161	0
968	156	0
969	143	0
970	129	0
971	113	0
972	101	0
973	95	0
974	99	0
975	109	0
976	123	0
977	139	0
978	153	0
979	159	0
980	158	0
981	150	0
982	136	0
983	121	0
984	107	0
985	98	0
986	97	0
987	103	0
988	116	0
989	132	0
990	147	0
991	157	0
992	161	0
993	155	0
994	143	0
995	129	0
996	113	0
997	101	0
998	96	0
999	99	0
