Oscilloscope data. 
Time step = 1,000 uS
Voltage step = 62,50 mV
Zero level = 96

N 	Smpl.	Trig

0	121	0
1	137	0
2	151	0
3	159	0
4	160	0
5	152	0
6	139	0
7	123	0
8	108	0
9	99	0
10	96	0
11	101	0
12	114	0
13	129	0
14	145	0
15	156	0
16	160	0
17	157	0
18	146	0
19	131	0
20	115	0
21	102	0
22	97	0
23	97	0
24	107	0
25	121	0
26	137	0
27	150	0
28	159	0
29	159	0
30	151	0
31	138	0
32	123	0
33	109	0
34	98	0
35	95	0
36	102	0
37	113	0
38	129	0
39	145	0
40	156	0
41	160	0
42	157	0
43	145	0
44	130	0
45	115	0
46	102	0
47	96	0
48	97	0
49	107	0
50	121	0
51	137	0
52	150	0
53	159	0
54	159	0
55	152	0
56	138	0
57	123	0
58	109	0
59	99	0
60	95	0
61	102	0
62	113	0
63	129	0
64	144	0
65	156	0
66	160	0
67	157	0
68	146	0
69	131	0
70	115	0
71	102	0
72	96	0
73	98	0
74	107	0
75	121	0
76	137	0
77	151	0
78	159	0
79	159	0
80	151	0
81	139	0
82	123	0
83	108	0
84	99	0
85	95	0
86	102	0
87	114	0
88	129	0
89	144	0
90	156	0
91	161	0
92	157	0
93	146	0
94	131	0
95	115	0
96	103	0
97	97	0
98	98	0
99	107	0
100	121	0
101	137	0
102	151	0
103	159	0
104	159	0
105	152	0
106	139	0
107	123	0
108	108	0
109	98	0
110	97	0
111	102	0
112	114	0
113	129	0
114	145	0
115	156	0
116	161	0
117	157	0
118	146	0
119	131	0
120	115	0
121	103	0
122	96	0
123	98	0
124	107	0
125	121	0
126	137	0
127	151	0
128	159	0
129	160	0
130	151	0
131	139	0
132	123	0
133	108	0
134	99	0
135	97	0
136	102	0
137	113	0
138	129	0
139	145	0
140	156	0
141	161	0
142	157	0
143	145	0
144	131	0
145	115	0
146	103	0
147	96	0
148	98	0
149	107	0
150	121	0
151	137	0
152	151	0
153	159	0
154	159	0
155	151	0
156	139	0
157	123	0
158	109	0
159	98	0
160	97	0
161	102	0
162	113	0
163	129	0
164	145	0
165	156	0
166	161	0
167	157	0
168	146	0
169	131	0
170	115	0
171	102	0
172	96	0
173	97	0
174	107	0
175	121	0
176	137	0
177	151	0
178	159	0
179	159	0
180	151	0
181	139	0
182	123	0
183	109	0
184	99	0
185	95	0
186	102	0
187	113	0
188	129	0
189	145	0
190	156	0
191	161	0
192	157	0
193	146	0
194	131	0
195	115	0
196	103	0
197	96	0
198	98	0
199	107	0
200	121	0
201	137	0
202	151	0
203	159	0
204	159	0
205	152	0
206	139	0
207	123	0
208	109	0
209	98	0
210	95	0
211	102	0
212	113	0
213	129	0
214	145	0
215	157	0
216	160	0
217	157	0
218	145	0
219	131	0
220	115	0
221	102	0
222	97	0
223	99	0
224	107	0
225	121	0
226	137	0
227	150	0
228	159	0
229	161	0
230	151	0
231	139	0
232	123	0
233	108	0
234	99	0
235	97	0
236	102	0
237	114	0
238	129	0
239	145	0
240	157	0
241	161	0
242	157	0
243	145	0
244	131	0
245	115	0
246	103	0
247	97	0
248	97	0
249	107	0
250	121	0
251	137	0
252	150	0
253	159	0
254	160	0
255	152	0
256	139	0
257	123	0
258	109	0
259	99	0
260	95	0
261	102	0
262	113	0
263	129	0
264	145	0
265	155	0
266	160	0
267	157	0
268	146	0
269	131	0
270	115	0
271	102	0
272	97	0
273	98	0
274	107	0
275	121	0
276	137	0
277	150	0
278	159	0
279	159	0
280	152	0
281	139	0
282	123	0
283	108	0
284	99	0
285	95	0
286	102	0
287	113	0
288	129	0
289	145	0
290	157	0
291	160	0
292	157	0
293	145	0
294	130	0
295	115	0
296	102	0
297	97	0
298	97	0
299	107	0
300	121	0
301	137	0
302	151	0
303	159	0
304	160	0
305	151	0
306	139	0
307	123	0
308	108	0
309	99	0
310	96	0
311	102	0
312	113	0
313	129	0
314	145	0
315	156	0
316	160	0
317	157	0
318	145	0
319	131	0
320	115	0
321	102	0
322	97	0
323	98	0
324	107	0
325	121	0
326	137	0
327	151	0
328	159	0
329	159	0
330	151	0
331	139	0
332	123	0
333	108	0
334	99	0
335	97	0
336	102	0
337	114	0
338	129	0
339	144	0
340	156	0
341	160	0
342	157	0
343	147	0
344	130	0
345	115	0
346	102	0
347	96	0
348	98	0
349	107	0
350	121	0
351	137	0
352	151	0
353	159	0
354	161	0
355	151	0
356	139	0
357	123	0
358	108	0
359	97	0
360	97	0
361	102	0
362	113	0
363	129	0
364	145	0
365	156	0
366	160	0
367	157	0
368	146	0
369	131	0
370	115	0
371	102	0
372	97	0
373	98	0
374	107	0
375	121	0
376	137	0
377	150	0
378	159	0
379	159	0
380	151	0
381	139	0
382	123	0
383	109	0
384	99	0
385	95	0
386	102	0
387	113	0
388	129	0
389	145	0
390	156	0
391	160	0
392	157	0
393	146	0
394	131	0
395	115	0
396	102	0
397	97	0
398	98	0
399	107	0
400	121	0
401	137	0
402	151	0
403	159	0
404	159	0
405	151	0
406	139	0
407	123	0
408	108	0
409	99	0
410	97	0
411	102	0
412	113	0
413	129	0
414	145	0
415	155	0
416	161	0
417	157	0
418	146	0
419	131	0
420	115	0
421	103	0
422	97	0
423	97	0
424	107	0
425	121	0
426	137	0
427	151	0
428	159	0
429	159	0
430	151	0
431	139	0
432	123	0
433	108	0
434	98	0
435	95	0
436	102	0
437	113	0
438	129	0
439	145	0
440	155	0
441	161	0
442	157	0
443	146	0
444	131	0
445	115	0
446	102	0
447	96	0
448	98	0
449	107	0
450	121	0
451	137	0
452	151	0
453	159	0
454	160	0
455	151	0
456	139	0
457	123	0
458	108	0
459	99	0
460	97	0
461	101	0
462	113	0
463	129	0
464	145	0
465	156	0
466	160	0
467	157	0
468	147	0
469	131	0
470	115	0
471	102	0
472	96	0
473	98	0
474	107	0
475	121	0
476	137	0
477	151	0
478	159	0
479	159	0
480	151	0
481	139	0
482	123	0
483	108	0
484	99	0
485	97	0
486	102	0
487	113	0
488	129	0
489	145	0
490	156	0
491	161	0
492	157	0
493	145	0
494	131	0
495	115	0
496	102	0
497	97	0
498	98	0
499	107	0
500	121	0
501	137	0
502	151	0
503	159	0
504	161	0
505	151	0
506	139	0
507	123	0
508	109	0
509	99	0
510	96	0
511	102	0
512	113	0
513	129	0
514	144	0
515	156	0
516	161	0
517	157	0
518	146	0
519	130	0
520	115	0
521	102	0
522	96	0
523	97	0
524	107	0
525	121	0
526	137	0
527	151	0
528	159	0
529	159	0
530	151	0
531	139	0
532	123	0
533	108	0
534	99	0
535	95	0
536	102	0
537	113	0
538	129	0
539	145	0
540	157	0
541	160	0
542	157	0
543	146	0
544	131	0
545	115	0
546	103	0
547	96	0
548	98	0
549	107	0
550	121	0
551	137	0
552	151	0
553	159	0
554	159	0
555	152	0
556	139	0
557	123	0
558	109	0
559	98	0
560	97	0
561	101	0
562	113	0
563	129	0
564	145	0
565	157	0
566	159	0
567	157	0
568	145	0
569	130	0
570	115	0
571	103	0
572	97	0
573	97	0
574	107	0
575	121	0
576	137	0
577	151	0
578	159	0
579	159	0
580	151	0
581	139	0
582	123	0
583	108	0
584	97	0
585	96	0
586	102	0
587	114	0
588	129	0
589	145	0
590	155	0
591	161	0
592	157	0
593	145	0
594	131	0
595	115	0
596	102	0
597	96	0
598	97	0
599	107	0
600	121	0
601	137	0
602	151	0
603	159	0
604	160	0
605	153	0
606	139	0
607	123	0
608	109	0
609	98	0
610	95	0
611	102	0
612	114	0
613	129	0
614	145	0
615	155	0
616	160	0
617	157	0
618	146	0
619	131	0
620	115	0
621	102	0
622	97	0
623	97	0
624	107	0
625	121	0
626	137	0
627	151	0
628	159	0
629	159	0
630	151	0
631	139	0
632	122	0
633	107	0
634	99	0
635	96	0
636	102	0
637	114	0
638	129	0
639	145	0
640	157	0
641	160	0
642	156	0
643	146	0
644	131	0
645	115	0
646	103	0
647	97	0
648	98	0
649	107	0
650	121	0
651	137	0
652	151	0
653	159	0
654	159	0
655	151	0
656	139	0
657	123	0
658	108	0
659	99	0
660	97	0
661	102	0
662	113	0
663	129	0
664	145	0
665	156	0
666	160	0
667	157	0
668	146	0
669	131	0
670	115	0
671	103	0
672	97	0
673	98	0
674	107	0
675	121	0
676	137	0
677	151	0
678	159	0
679	159	0
680	151	0
681	139	0
682	123	0
683	109	0
684	99	0
685	96	0
686	102	0
687	113	0
688	129	0
689	145	0
690	156	0
691	161	0
692	157	0
693	145	0
694	131	0
695	115	0
696	102	0
697	96	0
698	98	0
699	107	0
700	121	0
701	137	0
702	151	0
703	159	0
704	160	0
705	151	0
706	139	0
707	123	0
708	109	0
709	98	0
710	95	0
711	102	0
712	114	0
713	129	0
714	145	0
715	157	0
716	160	0
717	157	0
718	146	0
719	131	0
720	115	0
721	103	0
722	97	0
723	98	0
724	107	0
725	121	0
726	137	0
727	151	0
728	159	0
729	159	0
730	151	0
731	139	0
732	123	0
733	108	0
734	98	0
735	96	0
736	102	0
737	114	0
738	129	0
739	145	0
740	155	0
741	161	0
742	157	0
743	146	0
744	131	0
745	115	0
746	102	0
747	96	0
748	98	0
749	107	0
750	121	0
751	137	0
752	151	0
753	159	0
754	159	0
755	151	0
756	139	0
757	123	0
758	109	0
759	98	0
760	97	0
761	102	0
762	113	0
763	129	0
764	145	0
765	155	0
766	160	0
767	157	0
768	145	0
769	131	0
770	115	0
771	102	0
772	97	0
773	98	0
774	107	0
775	121	0
776	137	0
777	151	0
778	159	0
779	159	0
780	152	0
781	139	0
782	123	0
783	108	0
784	99	0
785	95	0
786	102	0
787	113	0
788	129	0
789	145	0
790	156	0
791	160	0
792	157	0
793	145	0
794	131	0
795	115	0
796	102	0
797	97	0
798	98	0
799	107	0
800	121	0
801	137	0
802	151	0
803	159	0
804	159	0
805	152	0
806	138	0
807	123	0
808	109	0
809	98	0
810	96	0
811	102	0
812	113	0
813	129	0
814	145	0
815	156	0
816	159	0
817	157	0
818	146	0
819	131	0
820	115	0
821	103	0
822	96	0
823	98	0
824	107	0
825	121	0
826	137	0
827	151	0
828	159	0
829	159	0
830	151	0
831	139	0
832	123	0
833	109	0
834	99	0
835	97	0
836	102	0
837	113	0
838	129	0
839	145	0
840	156	0
841	161	0
842	157	0
843	145	0
844	131	0
845	115	0
846	103	0
847	97	0
848	98	0
849	107	0
850	121	0
851	137	0
852	151	0
853	159	0
854	159	0
855	151	0
856	139	0
857	123	0
858	109	0
859	99	0
860	95	0
861	102	0
862	114	0
863	129	0
864	145	0
865	156	0
866	160	0
867	157	0
868	146	0
869	131	0
870	115	0
871	103	0
872	97	0
873	98	0
874	107	0
875	121	0
876	137	0
877	150	0
878	159	0
879	160	0
880	152	0
881	139	0
882	122	0
883	109	0
884	99	0
885	96	0
886	102	0
887	113	0
888	129	0
889	145	0
890	156	0
891	161	0
892	157	0
893	146	0
894	131	0
895	116	0
896	102	0
897	97	0
898	98	0
899	107	0
900	121	0
901	137	0
902	150	0
903	159	0
904	160	0
905	151	0
906	139	0
907	123	0
908	109	0
909	98	0
910	97	0
911	102	0
912	113	0
913	129	0
914	145	0
915	156	0
916	159	0
917	157	0
918	145	0
919	131	0
920	115	0
921	103	0
922	97	0
923	97	0
924	107	0
925	121	0
926	137	0
927	151	0
928	159	0
929	160	0
930	151	0
931	139	0
932	123	0
933	109	0
934	98	0
935	97	0
936	102	0
937	113	0
938	129	0
939	145	0
940	156	0
941	161	0
942	157	0
943	145	0
944	131	0
945	115	0
946	103	0
947	97	0
948	98	0
949	107	0
950	122	0
951	137	0
952	151	0
953	159	0
954	159	0
955	151	0
956	139	0
957	123	0
958	109	0
959	99	0
960	97	0
961	102	0
962	114	0
963	129	0
964	145	0
965	155	0
966	160	0
967	157	0
968	145	0
969	130	0
970	115	0
971	102	0
972	96	0
973	98	0
974	107	0
975	121	0
976	137	0
977	151	0
978	159	0
979	161	0
980	151	0
981	139	0
982	123	0
983	108	0
984	99	0
985	96	0
986	102	0
987	113	0
988	129	0
989	145	0
990	156	0
991	161	0
992	157	0
993	145	0
994	131	0
995	115	0
996	102	0
997	96	0
998	98	0
999	107	0
