Oscilloscope data. 
Time step = 100,0 nS
Voltage step = 62,50 mV
Zero level = 120

N 	Smpl.	Trig

0	121	0
1	172	0
2	184	0
3	185	0
4	185	0
5	185	0
6	185	0
7	184	0
8	184	0
9	184	0
10	184	0
11	184	0
12	185	0
13	184	0
14	184	0
15	184	0
16	185	0
17	184	0
18	184	0
19	185	0
20	184	0
21	184	0
22	183	0
23	185	0
24	184	0
25	184	0
26	184	0
27	184	0
28	184	0
29	184	0
30	185	0
31	184	0
32	184	0
33	184	0
34	183	0
35	184	0
36	183	0
37	184	0
38	184	0
39	184	0
40	184	0
41	184	0
42	183	0
43	184	0
44	185	0
45	183	0
46	184	0
47	184	0
48	184	0
49	184	0
50	184	0
51	183	0
52	184	0
53	185	0
54	185	0
55	184	0
56	184	0
57	184	0
58	183	0
59	185	0
60	184	0
61	185	0
62	184	0
63	184	0
64	184	0
65	183	0
66	183	0
67	184	0
68	184	0
69	184	0
70	185	0
71	185	0
72	185	0
73	184	0
74	183	0
75	184	0
76	184	0
77	184	0
78	183	0
79	183	0
80	184	0
81	131	0
82	120	0
83	121	0
84	119	0
85	120	0
86	119	0
87	120	0
88	121	0
89	120	0
90	120	0
91	121	0
92	120	0
93	120	0
94	119	0
95	119	0
96	120	0
97	120	0
98	120	0
99	119	0
100	120	0
101	171	0
102	185	0
103	184	0
104	184	0
105	184	0
106	185	0
107	184	0
108	184	0
109	184	0
110	184	0
111	185	0
112	185	0
113	184	0
114	184	0
115	184	0
116	185	0
117	184	0
118	184	0
119	184	0
120	185	0
121	185	0
122	185	0
123	184	0
124	184	0
125	185	0
126	185	0
127	184	0
128	184	0
129	185	0
130	184	0
131	184	0
132	185	0
133	184	0
134	184	0
135	185	0
136	185	0
137	184	0
138	185	0
139	184	0
140	185	0
141	185	0
142	184	0
143	184	0
144	183	0
145	184	0
146	185	0
147	184	0
148	184	0
149	184	0
150	184	0
151	185	0
152	185	0
153	185	0
154	184	0
155	184	0
156	184	0
157	184	0
158	185	0
159	184	0
160	184	0
161	184	0
162	184	0
163	184	0
164	184	0
165	184	0
166	184	0
167	185	0
168	184	0
169	184	0
170	184	0
171	184	0
172	184	0
173	185	0
174	184	0
175	184	0
176	184	0
177	184	0
178	184	0
179	184	0
180	184	0
181	131	0
182	120	0
183	120	0
184	121	0
185	121	0
186	121	0
187	119	0
188	121	0
189	119	0
190	119	0
191	121	0
192	121	0
193	119	0
194	121	0
195	120	0
196	121	0
197	120	0
198	120	0
199	120	0
200	121	0
201	171	0
202	185	0
203	184	0
204	184	0
205	185	0
206	185	0
207	185	0
208	184	0
209	185	0
210	185	0
211	184	0
212	184	0
213	185	0
214	184	0
215	185	0
216	184	0
217	184	0
218	184	0
219	185	0
220	184	0
221	184	0
222	184	0
223	184	0
224	184	0
225	184	0
226	184	0
227	184	0
228	184	0
229	184	0
230	184	0
231	184	0
232	184	0
233	184	0
234	185	0
235	184	0
236	184	0
237	185	0
238	185	0
239	184	0
240	184	0
241	184	0
242	184	0
243	184	0
244	184	0
245	184	0
246	184	0
247	184	0
248	185	0
249	184	0
250	185	0
251	183	0
252	185	0
253	184	0
254	183	0
255	184	0
256	185	0
257	185	0
258	185	0
259	184	0
260	185	0
261	183	0
262	184	0
263	185	0
264	184	0
265	184	0
266	184	0
267	184	0
268	184	0
269	185	0
270	184	0
271	185	0
272	184	0
273	185	0
274	184	0
275	185	0
276	185	0
277	185	0
278	185	0
279	184	0
280	184	0
281	132	0
282	120	0
283	119	0
284	120	0
285	120	0
286	119	0
287	120	0
288	119	0
289	120	0
290	121	0
291	119	0
292	120	0
293	121	0
294	121	0
295	120	0
296	120	0
297	120	0
298	120	0
299	119	0
300	120	0
301	172	0
302	185	0
303	184	0
304	185	0
305	184	0
306	184	0
307	185	0
308	185	0
309	184	0
310	184	0
311	184	0
312	185	0
313	185	0
314	184	0
315	185	0
316	184	0
317	185	0
318	184	0
319	184	0
320	184	0
321	184	0
322	184	0
323	184	0
324	185	0
325	184	0
326	184	0
327	184	0
328	184	0
329	184	0
330	184	0
331	184	0
332	185	0
333	184	0
334	184	0
335	184	0
336	184	0
337	184	0
338	183	0
339	184	0
340	184	0
341	184	0
342	184	0
343	184	0
344	185	0
345	184	0
346	184	0
347	185	0
348	184	0
349	184	0
350	184	0
351	184	0
352	185	0
353	184	0
354	184	0
355	184	0
356	184	0
357	184	0
358	185	0
359	184	0
360	185	0
361	185	0
362	184	0
363	184	0
364	185	0
365	183	0
366	185	0
367	184	0
368	185	0
369	185	0
370	184	0
371	184	0
372	185	0
373	185	0
374	184	0
375	184	0
376	185	0
377	185	0
378	185	0
379	184	0
380	184	0
381	131	0
382	121	0
383	120	0
384	120	0
385	119	0
386	119	0
387	120	0
388	120	0
389	121	0
390	120	0
391	120	0
392	121	0
393	120	0
394	120	0
395	120	0
396	120	0
397	120	0
398	120	0
399	120	0
400	121	0
401	171	0
402	185	0
403	185	0
404	185	0
405	184	0
406	185	0
407	183	0
408	185	0
409	185	0
410	183	0
411	183	0
412	184	0
413	185	0
414	184	0
415	184	0
416	185	0
417	184	0
418	185	0
419	184	0
420	185	0
421	185	0
422	185	0
423	184	0
424	185	0
425	184	0
426	184	0
427	185	0
428	184	0
429	184	0
430	184	0
431	184	0
432	184	0
433	184	0
434	184	0
435	184	0
436	183	0
437	184	0
438	183	0
439	183	0
440	183	0
441	184	0
442	184	0
443	184	0
444	184	0
445	183	0
446	184	0
447	184	0
448	184	0
449	184	0
450	185	0
451	184	0
452	184	0
453	184	0
454	185	0
455	184	0
456	184	0
457	184	0
458	184	0
459	183	0
460	184	0
461	184	0
462	184	0
463	184	0
464	184	0
465	185	0
466	184	0
467	185	0
468	184	0
469	184	0
470	184	0
471	185	0
472	183	0
473	184	0
474	184	0
475	184	0
476	184	0
477	184	0
478	185	0
479	184	0
480	184	0
481	131	0
482	119	0
483	120	0
484	120	0
485	120	0
486	120	0
487	120	0
488	119	0
489	119	0
490	120	0
491	120	0
492	120	0
493	121	0
494	120	0
495	119	0
496	121	0
497	120	0
498	119	0
499	120	0
500	120	0
501	171	0
502	184	0
503	185	0
504	185	0
505	184	0
506	185	0
507	184	0
508	185	0
509	184	0
510	183	0
511	184	0
512	185	0
513	185	0
514	184	0
515	184	0
516	184	0
517	184	0
518	184	0
519	184	0
520	185	0
521	184	0
522	184	0
523	184	0
524	183	0
525	184	0
526	184	0
527	184	0
528	183	0
529	184	0
530	184	0
531	185	0
532	183	0
533	184	0
534	184	0
535	185	0
536	185	0
537	184	0
538	184	0
539	184	0
540	184	0
541	184	0
542	184	0
543	184	0
544	184	0
545	183	0
546	184	0
547	183	0
548	184	0
549	183	0
550	184	0
551	184	0
552	184	0
553	184	0
554	184	0
555	184	0
556	184	0
557	183	0
558	184	0
559	183	0
560	183	0
561	184	0
562	183	0
563	184	0
564	184	0
565	183	0
566	185	0
567	184	0
568	185	0
569	185	0
570	184	0
571	184	0
572	184	0
573	184	0
574	185	0
575	184	0
576	184	0
577	184	0
578	184	0
579	183	0
580	183	0
581	131	0
582	120	0
583	119	0
584	119	0
585	121	0
586	121	0
587	119	0
588	120	0
589	120	0
590	120	0
591	120	0
592	120	0
593	121	0
594	119	0
595	121	0
596	120	0
597	119	0
598	120	0
599	119	0
600	121	0
601	171	0
602	184	0
603	184	0
604	184	0
605	184	0
606	184	0
607	184	0
608	184	0
609	184	0
610	185	0
611	185	0
612	184	0
613	183	0
614	183	0
615	184	0
616	185	0
617	184	0
618	184	0
619	184	0
620	184	0
621	184	0
622	185	0
623	184	0
624	185	0
625	185	0
626	184	0
627	183	0
628	184	0
629	184	0
630	184	0
631	185	0
632	185	0
633	185	0
634	185	0
635	183	0
636	185	0
637	184	0
638	183	0
639	184	0
640	184	0
641	184	0
642	184	0
643	184	0
644	184	0
645	184	0
646	185	0
647	185	0
648	183	0
649	184	0
650	185	0
651	184	0
652	184	0
653	184	0
654	184	0
655	185	0
656	184	0
657	184	0
658	184	0
659	184	0
660	184	0
661	183	0
662	185	0
663	183	0
664	184	0
665	184	0
666	184	0
667	184	0
668	184	0
669	185	0
670	184	0
671	185	0
672	184	0
673	184	0
674	184	0
675	184	0
676	184	0
677	184	0
678	184	0
679	185	0
680	184	0
681	131	0
682	120	0
683	120	0
684	121	0
685	119	0
686	119	0
687	120	0
688	120	0
689	120	0
690	119	0
691	120	0
692	119	0
693	120	0
694	119	0
695	120	0
696	120	0
697	120	0
698	120	0
699	120	0
700	120	0
701	171	0
702	184	0
703	184	0
704	184	0
705	184	0
706	184	0
707	185	0
708	184	0
709	184	0
710	184	0
711	183	0
712	185	0
713	183	0
714	184	0
715	185	0
716	184	0
717	184	0
718	184	0
719	184	0
720	184	0
721	184	0
722	185	0
723	185	0
724	185	0
725	183	0
726	184	0
727	184	0
728	184	0
729	183	0
730	184	0
731	184	0
732	184	0
733	185	0
734	184	0
735	184	0
736	183	0
737	183	0
738	185	0
739	184	0
740	185	0
741	184	0
742	184	0
743	184	0
744	184	0
745	183	0
746	184	0
747	184	0
748	185	0
749	184	0
750	183	0
751	184	0
752	183	0
753	184	0
754	183	0
755	184	0
756	185	0
757	185	0
758	184	0
759	184	0
760	184	0
761	184	0
762	185	0
763	184	0
764	184	0
765	184	0
766	184	0
767	183	0
768	184	0
769	184	0
770	183	0
771	184	0
772	185	0
773	183	0
774	184	0
775	184	0
776	184	0
777	184	0
778	185	0
779	185	0
780	183	0
781	131	0
782	120	0
783	119	0
784	119	0
785	119	0
786	120	0
787	120	0
788	120	0
789	120	0
790	119	0
791	120	0
792	121	0
793	120	0
794	120	0
795	121	0
796	120	0
797	119	0
798	120	0
799	120	0
800	119	0
801	173	0
802	185	0
803	184	0
804	184	0
805	184	0
806	184	0
807	184	0
808	184	0
809	184	0
810	184	0
811	184	0
812	184	0
813	184	0
814	184	0
815	184	0
816	185	0
817	184	0
818	184	0
819	184	0
820	184	0
821	184	0
822	184	0
823	184	0
824	184	0
825	184	0
826	184	0
827	185	0
828	184	0
829	184	0
830	184	0
831	185	0
832	184	0
833	184	0
834	185	0
835	184	0
836	184	0
837	184	0
838	184	0
839	184	0
840	185	0
841	184	0
842	185	0
843	184	0
844	184	0
845	184	0
846	184	0
847	184	0
848	183	0
849	185	0
850	184	0
851	184	0
852	184	0
853	184	0
854	184	0
855	183	0
856	184	0
857	184	0
858	184	0
859	184	0
860	184	0
861	185	0
862	184	0
863	184	0
864	185	0
865	184	0
866	184	0
867	184	0
868	185	0
869	184	0
870	183	0
871	184	0
872	185	0
873	184	0
874	185	0
875	185	0
876	185	0
877	184	0
878	184	0
879	184	0
880	185	0
881	131	0
882	121	0
883	119	0
884	120	0
885	120	0
886	119	0
887	121	0
888	120	0
889	119	0
890	121	0
891	119	0
892	120	0
893	119	0
894	120	0
895	121	0
896	120	0
897	119	0
898	120	0
899	120	0
900	120	0
901	172	0
902	185	0
903	184	0
904	184	0
905	185	0
906	184	0
907	184	0
908	184	0
909	183	0
910	184	0
911	184	0
912	185	0
913	185	0
914	184	0
915	185	0
916	184	0
917	184	0
918	183	0
919	184	0
920	184	0
921	184	0
922	185	0
923	184	0
924	184	0
925	184	0
926	184	0
927	183	0
928	184	0
929	184	0
930	184	0
931	185	0
932	184	0
933	184	0
934	185	0
935	184	0
936	184	0
937	184	0
938	184	0
939	184	0
940	185	0
941	184	0
942	184	0
943	184	0
944	184	0
945	184	0
946	185	0
947	184	0
948	185	0
949	183	0
950	184	0
951	184	0
952	184	0
953	185	0
954	184	0
955	184	0
956	185	0
957	184	0
958	184	0
959	185	0
960	184	0
961	185	0
962	184	0
963	184	0
964	184	0
965	184	0
966	185	0
967	184	0
968	184	0
969	184	0
970	184	0
971	184	0
972	184	0
973	184	0
974	185	0
975	184	0
976	184	0
977	185	0
978	185	0
979	184	0
980	185	0
981	131	0
982	121	0
983	120	0
984	120	0
985	120	0
986	120	0
987	119	0
988	120	0
989	120	0
990	120	0
991	121	0
992	120	0
993	120	0
994	119	0
995	120	0
996	120	0
997	120	0
998	119	0
999	120	0
