Oscilloscope data. 
Time step = 10,00 nS
Voltage step = 3,125 mV
Zero level = 176

N 	Smpl.	Trig

0	175	0
1	175	0
2	174	0
3	175	0
4	175	0
5	175	0
6	175	0
7	175	0
8	175	0
9	175	0
10	175	0
11	175	0
12	175	0
13	175	0
14	175	0
15	175	0
16	175	0
17	175	0
18	175	0
19	175	0
20	176	0
21	176	0
22	175	0
23	175	0
24	175	0
25	176	0
26	175	0
27	175	0
28	175	0
29	175	0
30	176	0
31	175	0
32	175	0
33	175	0
34	175	0
35	175	0
36	176	0
37	176	0
38	175	0
39	175	0
40	175	0
41	175	0
42	175	0
43	176	0
44	175	0
45	175	0
46	175	0
47	175	0
48	176	0
49	175	0
50	175	0
51	175	0
52	175	0
53	176	0
54	176	0
55	175	0
56	175	0
57	175	0
58	175	0
59	175	0
60	176	0
61	175	0
62	175	0
63	175	0
64	175	0
65	176	0
66	175	0
67	174	0
68	175	0
69	175	0
70	176	0
71	175	0
72	175	0
73	175	0
74	174	0
75	176	0
76	176	0
77	175	0
78	175	0
79	175	0
80	175	0
81	175	0
82	175	0
83	175	0
84	176	0
85	176	0
86	175	0
87	175	0
88	175	0
89	175	0
90	175	0
91	175	0
92	175	0
93	175	0
94	175	0
95	175	0
96	175	0
97	175	0
98	174	0
99	175	0
100	175	0
101	175	1
102	175	1
103	175	1
104	175	1
105	174	1
106	174	1
107	175	1
108	175	1
109	175	1
110	175	1
111	175	1
112	175	1
113	175	1
114	174	1
115	175	1
116	176	1
117	176	1
118	175	1
119	175	1
120	175	1
121	175	1
122	175	1
123	175	1
124	175	1
125	175	1
126	175	1
127	175	1
128	175	1
129	175	1
130	175	1
131	174	1
132	175	1
133	175	1
134	175	1
135	175	1
136	175	1
137	175	1
138	175	1
139	175	1
140	175	1
141	187	1
142	207	1
143	224	1
144	237	1
145	241	1
146	237	1
147	227	1
148	213	1
149	194	1
150	179	1
151	175	1
152	175	1
153	175	1
154	175	1
155	175	1
156	176	1
157	176	1
158	175	1
159	176	1
160	181	1
161	199	1
162	215	1
163	228	1
164	235	1
165	235	1
166	227	1
167	213	1
168	198	1
169	182	1
170	175	1
171	173	1
172	175	1
173	175	1
174	175	1
175	175	1
176	175	1
177	175	1
178	176	1
179	177	1
180	191	1
181	207	1
182	220	1
183	229	1
184	231	1
185	225	1
186	215	1
187	201	1
188	186	1
189	176	1
190	175	1
191	175	1
192	175	1
193	175	1
194	175	1
195	175	1
196	176	1
197	176	1
198	176	1
199	184	1
200	200	1
201	214	1
202	222	1
203	226	1
204	224	1
205	216	1
206	203	1
207	188	1
208	179	1
209	175	1
210	174	1
211	175	1
212	176	1
213	176	1
214	175	1
215	175	1
216	176	1
217	176	1
218	180	1
219	194	1
220	207	1
221	217	1
222	221	1
223	221	1
224	215	1
225	205	1
226	190	1
227	180	1
228	176	1
229	175	1
230	175	1
231	175	1
232	175	1
233	175	1
234	175	1
235	176	1
236	176	1
237	176	1
238	175	1
239	175	1
240	175	1
241	175	1
242	175	1
243	176	1
244	175	1
245	175	1
246	175	1
247	175	1
248	175	1
249	175	1
250	175	1
251	175	1
252	175	1
253	175	1
254	175	1
255	175	1
256	175	1
257	174	1
258	174	1
259	175	1
260	175	1
261	175	1
262	175	1
263	174	1
264	175	1
265	175	1
266	175	1
267	175	1
268	175	1
269	175	1
270	175	1
271	175	1
272	175	1
273	175	1
274	174	1
275	175	1
276	176	1
277	175	1
278	175	1
279	175	1
280	175	1
281	175	1
282	175	1
283	175	1
284	175	1
285	175	1
286	175	1
287	175	1
288	175	1
289	175	1
290	175	1
291	176	1
292	175	1
293	175	1
294	175	1
295	175	1
296	175	1
297	175	1
298	175	1
299	175	1
300	175	1
301	175	1
302	175	1
303	175	1
304	175	1
305	174	1
306	175	1
307	176	1
308	176	1
309	175	1
310	175	1
311	175	1
312	175	1
313	175	1
314	175	1
315	175	1
316	175	1
317	175	1
318	175	1
319	175	1
320	175	1
321	175	1
322	175	1
323	175	1
324	175	1
325	175	1
326	175	1
327	175	1
328	175	1
329	174	1
330	175	1
331	175	1
332	175	1
333	175	1
334	175	1
335	175	1
336	174	1
337	175	1
338	175	1
339	176	1
340	175	1
341	175	1
342	175	1
343	175	1
344	175	1
345	175	1
346	174	1
347	175	1
348	175	1
349	175	1
350	175	1
351	175	1
352	175	1
353	174	1
354	175	1
355	176	1
356	175	1
357	175	1
358	175	1
359	175	1
360	176	1
361	175	1
362	175	1
363	175	1
364	175	1
365	176	1
366	175	1
367	175	1
368	175	1
369	175	1
370	176	1
371	176	1
372	175	1
373	175	1
374	175	1
375	175	1
376	176	1
377	175	1
378	175	1
379	175	1
380	175	1
381	176	1
382	175	1
383	175	1
384	175	1
385	175	1
386	176	1
387	176	1
388	175	1
389	175	1
390	175	1
391	175	1
392	175	1
393	175	1
394	175	1
395	175	1
396	175	1
397	175	1
398	175	1
399	175	1
400	175	1
401	174	1
402	175	1
403	176	1
404	175	1
405	175	1
406	175	1
407	175	1
408	175	1
409	175	1
410	175	1
411	175	1
412	175	1
413	175	1
414	175	1
415	175	1
416	175	1
417	175	1
418	176	1
419	176	1
420	175	1
421	175	1
422	175	1
423	175	1
424	175	1
425	175	1
426	175	1
427	175	1
428	175	1
429	175	1
430	175	1
431	175	1
432	174	1
433	175	1
434	176	1
435	176	1
436	175	1
437	175	1
438	175	1
439	175	1
440	175	1
441	175	1
442	175	1
443	175	1
444	175	1
445	175	1
446	175	1
447	175	1
448	175	1
449	175	1
450	176	1
451	175	1
452	175	1
453	175	1
454	175	1
455	175	1
456	175	1
457	175	1
458	175	1
459	175	1
460	175	1
461	175	1
462	175	1
463	175	1
464	175	1
465	175	1
466	175	1
467	175	1
468	175	1
469	175	1
470	175	1
471	175	1
472	175	1
473	175	1
474	175	1
475	175	1
476	175	1
477	175	1
478	175	1
479	175	1
480	175	1
481	175	1
482	175	1
483	175	1
484	175	1
485	175	1
486	175	1
487	175	1
488	175	1
489	174	1
490	175	1
491	175	1
492	175	1
493	175	1
494	175	1
495	175	1
496	175	1
497	175	1
498	175	1
499	175	1
500	175	1
501	175	1
502	175	1
503	175	1
504	175	1
505	175	1
506	175	1
507	175	1
508	175	1
509	175	1
510	175	1
511	174	1
512	175	1
513	175	1
514	176	1
515	175	1
516	175	1
517	175	1
518	175	1
519	175	1
520	175	1
521	175	1
522	175	1
523	175	1
524	175	1
525	175	1
526	175	1
527	175	1
528	174	1
529	175	1
530	175	1
531	175	1
532	175	1
533	175	1
534	175	1
535	175	1
536	175	1
537	175	1
538	175	1
539	175	1
540	175	1
541	175	1
542	175	1
543	175	1
544	174	1
545	175	1
546	176	1
547	176	1
548	175	1
549	175	1
550	175	1
551	175	1
552	175	1
553	176	1
554	175	1
555	175	1
556	175	1
557	175	1
558	176	1
559	175	1
560	175	1
561	175	1
562	175	1
563	176	1
564	175	1
565	175	1
566	175	1
567	175	1
568	176	1
569	175	1
570	175	1
571	175	1
572	175	1
573	176	1
574	175	1
575	175	1
576	175	1
577	176	1
578	176	1
579	175	1
580	175	1
581	175	1
582	175	1
583	175	1
584	175	1
585	175	1
586	175	1
587	175	1
588	175	1
589	175	1
590	175	1
591	175	1
592	174	1
593	175	1
594	175	1
595	175	1
596	175	1
597	175	1
598	175	1
599	175	1
600	175	1
601	175	1
602	175	1
603	175	1
604	175	1
605	175	1
606	175	1
607	174	1
608	175	1
609	175	1
610	175	1
611	175	1
612	175	1
613	175	1
614	175	1
615	174	1
616	175	1
617	175	1
618	175	1
619	175	1
620	175	1
621	175	1
622	175	1
623	175	1
624	175	1
625	175	1
626	175	1
627	175	1
628	174	1
629	175	1
630	175	1
631	175	1
632	175	1
633	175	1
634	175	1
635	175	1
636	175	1
637	175	1
638	175	1
639	175	1
640	175	1
641	175	1
642	175	1
643	175	1
644	175	1
645	174	1
646	175	1
647	175	1
648	175	1
649	175	1
650	175	1
651	175	1
652	175	1
653	175	1
654	175	1
655	175	1
656	175	1
657	176	1
658	176	1
659	175	1
660	175	1
661	175	1
662	175	1
663	175	1
664	175	1
665	175	1
666	175	1
667	174	1
668	175	1
669	175	1
670	175	1
671	174	1
672	175	1
673	176	1
674	175	1
675	175	1
676	175	1
677	175	1
678	176	1
679	175	1
680	175	1
681	175	1
682	175	1
683	176	1
684	175	1
685	175	1
686	175	1
687	175	1
688	176	1
689	176	1
690	175	1
691	175	1
692	175	1
693	175	1
694	175	1
695	175	1
696	174	1
697	175	1
698	175	1
699	175	1
700	175	1
701	175	1
702	175	1
703	174	1
704	175	1
705	175	1
706	175	1
707	175	1
708	175	1
709	175	1
710	175	1
711	174	1
712	175	1
713	175	1
714	175	1
715	175	1
716	175	1
717	175	1
718	175	1
719	175	1
720	175	1
721	175	1
722	175	1
723	175	1
724	175	1
725	175	1
726	175	1
727	175	1
728	175	1
729	175	1
730	175	1
731	175	1
732	175	1
733	175	1
734	175	1
735	175	1
736	175	1
737	175	1
738	175	1
739	175	1
740	175	1
741	175	1
742	175	1
743	174	1
744	175	1
745	175	1
746	175	1
747	175	1
748	175	1
749	175	1
750	175	1
751	174	1
752	175	1
753	176	1
754	175	1
755	175	1
756	175	1
757	175	1
758	175	1
759	175	1
760	175	1
761	175	1
762	175	1
763	175	1
764	175	1
765	175	1
766	175	0
767	174	0
768	175	0
769	175	0
770	175	0
771	175	0
772	175	0
773	175	0
774	174	0
775	175	0
776	175	0
777	175	0
778	175	0
779	175	0
780	175	0
781	175	0
782	175	0
783	174	0
784	175	0
785	176	0
786	175	0
787	175	0
788	175	0
789	175	0
790	175	0
791	175	0
792	175	0
793	175	0
794	175	0
795	174	0
796	175	0
797	175	0
798	175	0
799	175	0
800	176	0
801	176	0
802	175	0
803	175	0
804	175	0
805	175	0
806	175	0
807	175	0
808	175	0
809	175	0
810	175	0
811	175	0
812	175	0
813	175	0
814	175	0
815	175	0
816	175	0
817	175	0
818	175	0
819	175	0
820	175	0
821	175	0
822	175	0
823	175	0
824	175	0
825	175	0
826	175	0
827	175	0
828	175	0
829	175	0
830	174	0
831	175	0
832	176	0
833	176	0
834	175	0
835	175	0
836	175	0
837	175	0
838	175	0
839	175	0
840	175	0
841	175	0
842	175	0
843	175	0
844	175	0
845	175	0
846	175	0
847	175	0
848	175	0
849	175	0
850	175	0
851	175	0
852	175	0
853	175	0
854	175	0
855	175	0
856	175	0
857	175	0
858	175	0
859	175	0
860	175	0
861	175	0
862	175	0
863	175	0
864	175	0
865	175	0
866	175	0
867	175	0
868	174	0
869	175	0
870	175	0
871	175	0
872	175	0
873	175	0
874	175	0
875	175	0
876	175	0
877	175	0
878	175	0
879	175	0
880	175	0
881	176	0
882	175	0
883	175	0
884	175	0
885	175	0
886	176	0
887	175	0
888	175	0
889	175	0
890	175	0
891	176	0
892	175	0
893	175	0
894	175	0
895	175	0
896	176	0
897	175	0
898	175	0
899	175	0
900	175	0
901	176	0
902	175	0
903	175	0
904	175	0
905	175	0
906	176	0
907	175	0
908	175	0
909	175	0
910	174	0
911	176	0
912	176	0
913	175	0
914	175	0
915	175	0
916	175	0
917	175	0
918	175	0
919	175	0
920	175	0
921	175	0
922	175	0
923	175	0
924	175	0
925	175	0
926	175	0
927	175	0
928	176	0
929	175	0
930	175	0
931	175	0
932	175	0
933	175	0
934	175	0
935	175	0
936	175	0
937	175	0
938	175	0
939	175	0
940	175	0
941	175	0
942	175	0
943	175	0
944	176	0
945	175	0
946	175	0
947	175	0
948	175	0
949	176	0
950	175	0
951	175	0
952	175	0
953	175	0
954	176	0
955	175	0
956	175	0
957	175	0
958	175	0
959	176	0
960	176	0
961	175	0
962	175	0
963	175	0
964	175	0
965	175	0
966	175	0
967	175	0
968	175	0
969	175	0
970	175	0
971	175	0
972	175	0
973	174	0
974	175	0
975	175	0
976	175	0
977	175	0
978	175	0
979	175	0
980	175	0
981	174	0
982	175	0
983	175	0
984	175	0
985	175	0
986	175	0
987	175	0
988	175	0
989	175	0
990	175	0
991	176	0
992	176	0
993	175	0
994	175	0
995	175	0
996	175	0
997	175	0
998	175	0
999	175	0
