Oscilloscope data. 
Time step = 10,00 nS
Voltage step = 3,125 mV
Zero level = 176

N 	Smpl.	Trig

0	173	0
1	173	0
2	173	0
3	173	0
4	173	0
5	173	0
6	173	0
7	173	0
8	173	0
9	173	0
10	173	0
11	173	0
12	173	0
13	173	0
14	173	0
15	173	0
16	173	0
17	173	0
18	173	0
19	173	0
20	173	0
21	173	0
22	172	0
23	173	0
24	173	0
25	173	0
26	173	0
27	173	0
28	173	0
29	173	0
30	173	0
31	173	0
32	172	0
33	173	0
34	174	0
35	174	0
36	173	0
37	173	0
38	173	0
39	173	0
40	172	0
41	173	0
42	173	0
43	173	0
44	173	0
45	173	0
46	173	0
47	173	0
48	172	0
49	173	0
50	173	0
51	173	0
52	173	0
53	173	0
54	173	0
55	172	0
56	173	0
57	173	0
58	173	0
59	173	0
60	173	0
61	173	0
62	173	0
63	173	0
64	172	0
65	173	0
66	173	0
67	174	0
68	173	0
69	173	0
70	173	0
71	173	0
72	173	0
73	173	0
74	173	0
75	173	0
76	173	0
77	173	0
78	173	0
79	173	0
80	172	0
81	173	0
82	173	0
83	174	0
84	173	0
85	173	0
86	173	0
87	173	0
88	173	0
89	173	0
90	173	0
91	173	0
92	173	0
93	173	0
94	173	0
95	173	0
96	172	0
97	173	0
98	173	0
99	174	0
100	173	0
101	173	1
102	173	1
103	173	1
104	173	1
105	173	1
106	173	1
107	173	1
108	173	1
109	173	1
110	173	1
111	173	1
112	173	1
113	173	1
114	174	1
115	173	1
116	173	1
117	173	1
118	173	1
119	173	1
120	173	1
121	172	1
122	173	1
123	173	1
124	173	1
125	173	1
126	173	1
127	173	1
128	172	1
129	173	1
130	173	1
131	173	1
132	173	1
133	173	1
134	173	1
135	173	1
136	172	1
137	173	1
138	173	1
139	173	1
140	175	1
141	194	1
142	216	1
143	232	1
144	243	1
145	250	1
146	247	1
147	232	1
148	211	1
149	189	1
150	176	1
151	173	1
152	172	1
153	173	1
154	173	1
155	174	1
156	173	1
157	174	1
158	175	1
159	175	1
160	184	1
161	205	1
162	225	1
163	237	1
164	245	1
165	243	1
166	232	1
167	215	1
168	193	1
169	178	1
170	173	1
171	173	1
172	173	1
173	173	1
174	174	1
175	173	1
176	173	1
177	175	1
178	175	1
179	179	1
180	197	1
181	215	1
182	230	1
183	238	1
184	239	1
185	232	1
186	218	1
187	199	1
188	182	1
189	174	1
190	173	1
191	172	1
192	172	1
193	173	1
194	175	1
195	174	1
196	174	1
197	175	1
198	176	1
199	189	1
200	207	1
201	223	1
202	233	1
203	236	1
204	231	1
205	219	1
206	203	1
207	186	1
208	175	1
209	173	1
210	173	1
211	173	1
212	173	1
213	173	1
214	173	1
215	173	1
216	173	1
217	175	1
218	183	1
219	200	1
220	215	1
221	225	1
222	229	1
223	227	1
224	218	1
225	205	1
226	190	1
227	177	1
228	173	1
229	173	1
230	173	1
231	173	1
232	173	1
233	173	1
234	174	1
235	175	1
236	175	1
237	178	1
238	192	1
239	208	1
240	217	1
241	223	1
242	224	1
243	218	1
244	206	1
245	192	1
246	179	1
247	175	1
248	173	1
249	172	1
250	173	1
251	173	1
252	173	1
253	173	1
254	173	1
255	174	1
256	175	1
257	187	1
258	201	1
259	212	1
260	218	1
261	219	1
262	216	1
263	207	1
264	195	1
265	183	1
266	175	1
267	173	1
268	173	1
269	173	1
270	173	1
271	173	1
272	172	1
273	174	1
274	175	1
275	175	1
276	181	1
277	194	1
278	205	1
279	213	1
280	215	1
281	214	1
282	209	1
283	198	1
284	185	1
285	176	1
286	173	1
287	172	1
288	172	1
289	173	1
290	174	1
291	174	1
292	173	1
293	173	1
294	175	1
295	176	1
296	188	1
297	200	1
298	208	1
299	213	1
300	212	1
301	207	1
302	199	1
303	187	1
304	177	1
305	174	1
306	174	1
307	173	1
308	173	1
309	173	1
310	174	1
311	173	1
312	173	1
313	173	1
314	175	1
315	183	1
316	195	1
317	203	1
318	208	1
319	208	1
320	205	1
321	199	1
322	189	1
323	179	1
324	174	1
325	173	1
326	173	1
327	173	1
328	173	1
329	173	1
330	173	1
331	173	1
332	173	1
333	174	1
334	179	1
335	189	1
336	197	1
337	204	1
338	207	1
339	204	1
340	199	1
341	191	1
342	181	1
343	175	1
344	173	1
345	173	1
346	173	1
347	173	1
348	173	1
349	173	1
350	173	1
351	173	1
352	173	1
353	176	1
354	184	1
355	193	1
356	199	1
357	203	1
358	203	1
359	199	1
360	192	1
361	184	1
362	176	1
363	173	1
364	173	1
365	173	1
366	173	1
367	172	1
368	173	1
369	173	1
370	174	1
371	173	1
372	173	1
373	173	1
374	173	1
375	173	1
376	173	1
377	173	1
378	173	1
379	173	1
380	173	1
381	173	1
382	173	1
383	172	1
384	173	1
385	173	1
386	173	1
387	173	1
388	173	1
389	173	1
390	172	1
391	172	1
392	173	1
393	173	1
394	173	1
395	173	1
396	173	1
397	173	1
398	173	1
399	172	1
400	173	1
401	173	1
402	173	1
403	173	1
404	173	1
405	173	1
406	173	1
407	172	1
408	172	1
409	173	1
410	173	1
411	173	1
412	173	1
413	172	1
414	173	1
415	172	1
416	173	1
417	173	1
418	173	1
419	173	1
420	173	1
421	173	1
422	173	1
423	173	1
424	172	1
425	173	1
426	173	1
427	173	1
428	173	1
429	173	1
430	173	1
431	173	1
432	173	1
433	173	1
434	173	1
435	173	1
436	173	1
437	173	1
438	173	1
439	172	1
440	173	1
441	173	1
442	173	1
443	172	1
444	173	1
445	173	1
446	173	1
447	172	1
448	173	1
449	174	1
450	173	1
451	173	1
452	173	1
453	173	1
454	173	1
455	173	1
456	173	1
457	173	1
458	173	1
459	173	1
460	173	1
461	173	1
462	173	1
463	173	1
464	173	1
465	173	1
466	173	1
467	173	1
468	173	1
469	173	1
470	173	1
471	173	1
472	173	1
473	173	1
474	173	1
475	173	1
476	173	1
477	173	1
478	172	1
479	173	1
480	173	1
481	174	1
482	173	1
483	173	1
484	173	1
485	173	1
486	173	1
487	173	1
488	173	1
489	173	1
490	173	1
491	173	1
492	173	1
493	173	1
494	173	1
495	173	1
496	173	1
497	173	1
498	173	1
499	173	1
500	172	1
501	173	1
502	172	1
503	173	1
504	173	1
505	173	1
506	173	1
507	173	1
508	173	1
509	173	1
510	173	1
511	172	1
512	173	1
513	173	1
514	173	1
515	173	1
516	173	1
517	173	1
518	172	1
519	173	1
520	173	1
521	173	1
522	173	1
523	173	1
524	173	1
525	173	1
526	173	1
527	172	1
528	173	1
529	173	1
530	173	1
531	173	1
532	173	1
533	173	1
534	173	1
535	173	1
536	173	1
537	173	1
538	173	1
539	173	1
540	173	1
541	173	1
542	172	1
543	173	1
544	173	1
545	173	1
546	173	1
547	173	1
548	173	1
549	173	1
550	172	1
551	173	1
552	173	1
553	173	1
554	173	1
555	173	1
556	173	1
557	172	1
558	172	1
559	173	1
560	173	1
561	173	1
562	173	1
563	173	1
564	173	1
565	173	1
566	173	1
567	173	1
568	173	1
569	173	1
570	173	1
571	173	1
572	173	1
573	173	1
574	172	1
575	173	1
576	174	1
577	174	1
578	173	1
579	173	1
580	173	1
581	173	1
582	173	1
583	173	1
584	173	1
585	173	1
586	173	1
587	173	1
588	173	1
589	173	1
590	173	1
591	173	1
592	173	1
593	173	1
594	173	1
595	173	1
596	173	1
597	173	1
598	173	1
599	173	1
600	173	1
601	173	1
602	173	1
603	173	1
604	173	1
605	173	1
606	173	1
607	173	1
608	174	1
609	174	1
610	173	1
611	173	1
612	173	1
613	173	1
614	173	1
615	173	1
616	173	1
617	173	1
618	173	1
619	173	1
620	173	1
621	173	1
622	173	1
623	173	1
624	173	1
625	174	1
626	173	1
627	173	1
628	173	1
629	173	1
630	173	1
631	173	1
632	173	1
633	173	1
634	173	1
635	173	1
636	173	1
637	173	1
638	172	1
639	173	1
640	174	1
641	173	1
642	173	1
643	173	1
644	173	1
645	173	1
646	172	1
647	172	1
648	173	1
649	173	1
650	173	1
651	173	1
652	173	1
653	173	1
654	172	1
655	173	1
656	174	1
657	173	1
658	173	1
659	173	1
660	173	1
661	173	1
662	173	1
663	173	1
664	173	1
665	173	1
666	173	1
667	173	1
668	173	1
669	173	1
670	172	1
671	173	1
672	173	1
673	174	1
674	173	1
675	173	1
676	173	1
677	173	1
678	173	1
679	173	1
680	173	1
681	173	1
682	173	1
683	173	1
684	173	1
685	173	1
686	173	1
687	173	1
688	173	1
689	173	1
690	173	1
691	173	1
692	173	1
693	172	1
694	173	1
695	173	1
696	173	1
697	173	1
698	173	1
699	173	1
700	173	1
701	172	1
702	172	1
703	173	1
704	173	1
705	173	1
706	173	1
707	173	1
708	173	1
709	173	1
710	173	1
711	172	1
712	173	1
713	173	1
714	173	1
715	173	1
716	173	1
717	173	1
718	172	1
719	173	1
720	173	1
721	173	1
722	173	1
723	173	1
724	173	1
725	173	1
726	173	1
727	173	1
728	173	1
729	173	1
730	173	1
731	173	1
732	173	1
733	172	1
734	173	1
735	173	1
736	173	1
737	173	1
738	173	1
739	173	1
740	173	1
741	173	1
742	173	1
743	173	1
744	173	1
745	173	1
746	173	1
747	173	1
748	173	1
749	172	1
750	173	1
751	173	1
752	174	1
753	173	1
754	172	1
755	173	1
756	173	1
757	173	1
758	173	1
759	173	1
760	173	1
761	173	1
762	173	1
763	173	1
764	173	1
765	173	0
766	173	0
767	173	0
768	173	0
769	173	0
770	173	0
771	173	0
772	173	0
773	173	0
774	173	0
775	173	0
776	173	0
777	173	0
778	173	0
779	173	0
780	173	0
781	172	0
782	173	0
783	173	0
784	173	0
785	173	0
786	173	0
787	173	0
788	173	0
789	173	0
790	173	0
791	173	0
792	173	0
793	173	0
794	173	0
795	173	0
796	173	0
797	173	0
798	172	0
799	173	0
800	173	0
801	173	0
802	173	0
803	173	0
804	173	0
805	173	0
806	173	0
807	173	0
808	173	0
809	173	0
810	173	0
811	173	0
812	173	0
813	173	0
814	172	0
815	173	0
816	173	0
817	173	0
818	173	0
819	173	0
820	173	0
821	172	0
822	173	0
823	173	0
824	173	0
825	173	0
826	173	0
827	173	0
828	173	0
829	173	0
830	173	0
831	173	0
832	173	0
833	173	0
834	173	0
835	173	0
836	173	0
837	172	0
838	173	0
839	173	0
840	173	0
841	173	0
842	173	0
843	173	0
844	173	0
845	173	0
846	173	0
847	173	0
848	173	0
849	173	0
850	173	0
851	173	0
852	172	0
853	172	0
854	173	0
855	173	0
856	173	0
857	173	0
858	173	0
859	173	0
860	173	0
861	173	0
862	173	0
863	174	0
864	173	0
865	173	0
866	173	0
867	173	0
868	173	0
869	173	0
870	173	0
871	173	0
872	173	0
873	173	0
874	173	0
875	173	0
876	173	0
877	172	0
878	173	0
879	174	0
880	173	0
881	173	0
882	173	0
883	173	0
884	173	0
885	173	0
886	173	0
887	173	0
888	173	0
889	173	0
890	173	0
891	173	0
892	173	0
893	173	0
894	173	0
895	173	0
896	173	0
897	173	0
898	173	0
899	173	0
900	173	0
901	173	0
902	173	0
903	173	0
904	173	0
905	173	0
906	173	0
907	173	0
908	173	0
909	172	0
910	173	0
911	173	0
912	173	0
913	173	0
914	173	0
915	173	0
916	173	0
917	173	0
918	173	0
919	173	0
920	173	0
921	173	0
922	173	0
923	173	0
924	173	0
925	172	0
926	173	0
927	174	0
928	173	0
929	173	0
930	173	0
931	173	0
932	173	0
933	173	0
934	173	0
935	173	0
936	173	0
937	173	0
938	173	0
939	173	0
940	173	0
941	173	0
942	173	0
943	173	0
944	173	0
945	173	0
946	173	0
947	173	0
948	173	0
949	173	0
950	173	0
951	173	0
952	173	0
953	173	0
954	173	0
955	173	0
956	173	0
957	173	0
958	173	0
959	174	0
960	173	0
961	172	0
962	173	0
963	173	0
964	173	0
965	173	0
966	173	0
967	173	0
968	173	0
969	173	0
970	173	0
971	173	0
972	173	0
973	173	0
974	173	0
975	173	0
976	173	0
977	173	0
978	173	0
979	173	0
980	172	0
981	173	0
982	173	0
983	173	0
984	173	0
985	173	0
986	173	0
987	173	0
988	173	0
989	173	0
990	173	0
991	173	0
992	173	0
993	173	0
994	173	0
995	173	0
996	173	0
997	173	0
998	173	0
999	173	0
