Oscilloscope data. 
Time step = 10,00 nS
Voltage step = 3,125 mV
Zero level = 63

N 	Smpl.	Trig

0	47	0
1	47	0
2	47	0
3	47	0
4	47	0
5	47	0
6	47	0
7	47	0
8	47	0
9	47	0
10	47	0
11	47	0
12	47	0
13	47	0
14	47	0
15	47	0
16	47	0
17	47	0
18	47	0
19	47	0
20	47	0
21	47	0
22	47	0
23	47	0
24	47	0
25	47	0
26	47	0
27	47	0
28	47	0
29	47	0
30	47	0
31	47	0
32	47	0
33	47	0
34	47	0
35	47	0
36	47	0
37	47	0
38	47	0
39	47	0
40	47	0
41	47	0
42	47	0
43	47	0
44	48	0
45	47	0
46	47	0
47	47	0
48	47	0
49	47	0
50	48	0
51	47	0
52	47	0
53	47	0
54	47	0
55	47	0
56	48	0
57	47	0
58	47	0
59	47	0
60	47	0
61	47	0
62	48	0
63	47	0
64	47	0
65	47	0
66	47	0
67	47	0
68	48	0
69	47	0
70	47	0
71	47	0
72	47	0
73	47	0
74	48	0
75	47	0
76	47	0
77	47	0
78	47	0
79	47	0
80	47	0
81	47	0
82	47	0
83	47	0
84	47	0
85	47	0
86	48	0
87	47	0
88	47	0
89	47	0
90	47	0
91	47	0
92	48	0
93	47	0
94	47	0
95	47	0
96	47	0
97	47	0
98	48	0
99	47	0
100	47	0
101	47	1
102	47	1
103	47	1
104	48	1
105	47	1
106	47	1
107	47	1
108	47	1
109	47	1
110	48	1
111	47	1
112	47	1
113	47	1
114	47	1
115	47	1
116	48	1
117	47	1
118	47	1
119	47	1
120	47	1
121	47	1
122	48	1
123	47	1
124	47	1
125	47	1
126	47	1
127	47	1
128	48	1
129	47	1
130	47	1
131	47	1
132	47	1
133	47	1
134	48	1
135	47	1
136	47	1
137	47	1
138	47	1
139	47	1
140	48	1
141	47	1
142	47	1
143	47	1
144	47	1
145	47	1
146	47	1
147	47	1
148	48	1
149	47	1
150	47	1
151	47	1
152	47	1
153	47	1
154	48	1
155	75	1
156	149	1
157	160	1
158	161	1
159	163	1
160	165	1
161	165	1
162	165	1
163	165	1
164	165	1
165	165	1
166	165	1
167	165	1
168	165	1
169	165	1
170	165	1
171	165	1
172	166	1
173	167	1
174	167	1
175	167	1
176	167	1
177	168	1
178	168	1
179	168	1
180	169	1
181	169	1
182	169	1
183	168	1
184	169	1
185	169	1
186	170	1
187	170	1
188	171	1
189	171	1
190	171	1
191	171	1
192	171	1
193	171	1
194	171	1
195	172	1
196	172	1
197	173	1
198	173	1
199	173	1
200	173	1
201	173	1
202	173	1
203	173	1
204	174	1
205	174	1
206	175	1
207	175	1
208	175	1
209	176	1
210	176	1
211	175	1
212	176	1
213	176	1
214	176	1
215	177	1
216	177	1
217	178	1
218	177	1
219	178	1
220	178	1
221	179	1
222	179	1
223	179	1
224	179	1
225	179	1
226	179	1
227	180	1
228	180	1
229	179	1
230	180	1
231	180	1
232	181	1
233	181	1
234	181	1
235	181	1
236	181	1
237	181	1
238	181	1
239	182	1
240	183	1
241	182	1
242	183	1
243	183	1
244	183	1
245	183	1
246	183	1
247	183	1
248	126	1
249	67	1
250	51	1
251	49	1
252	49	1
253	49	1
254	48	1
255	48	1
256	48	1
257	47	1
258	47	1
259	48	1
260	47	1
261	46	1
262	48	1
263	47	1
264	47	1
265	47	1
266	47	1
267	47	1
268	48	1
269	47	1
270	47	1
271	47	1
272	47	1
273	47	1
274	47	1
275	47	1
276	47	1
277	47	1
278	47	1
279	47	1
280	47	1
281	47	1
282	47	1
283	47	1
284	47	1
285	47	1
286	47	1
287	47	1
288	47	1
289	47	1
290	47	1
291	47	1
292	47	1
293	47	1
294	47	1
295	48	1
296	47	1
297	47	1
298	47	1
299	47	1
300	47	1
301	48	1
302	47	1
303	47	1
304	47	1
305	47	1
306	47	1
307	47	1
308	47	1
309	47	1
310	47	1
311	47	1
312	47	1
313	47	1
314	47	1
315	47	1
316	47	1
317	47	1
318	47	1
319	47	1
320	46	1
321	47	1
322	47	1
323	47	1
324	47	1
325	47	1
326	47	1
327	47	1
328	47	1
329	47	1
330	47	1
331	47	1
332	47	1
333	47	1
334	47	1
335	47	1
336	47	1
337	47	1
338	47	1
339	47	1
340	47	1
341	47	1
342	47	1
343	47	1
344	47	1
345	47	1
346	47	1
347	47	1
348	47	1
349	47	1
350	47	1
351	47	1
352	47	1
353	47	1
354	47	1
355	47	1
356	47	1
357	47	1
358	47	1
359	47	1
360	47	1
361	47	1
362	47	1
363	47	1
364	47	1
365	47	1
366	47	1
367	47	1
368	47	1
369	47	1
370	47	1
371	47	1
372	47	1
373	47	1
374	47	1
375	47	1
376	47	1
377	47	1
378	47	1
379	47	1
380	47	1
381	47	1
382	47	1
383	47	1
384	46	1
385	47	1
386	47	1
387	47	1
388	47	1
389	47	1
390	47	1
391	47	1
392	47	1
393	47	1
394	47	1
395	47	1
396	47	1
397	47	1
398	47	1
399	47	1
400	47	1
401	47	1
402	47	1
403	47	1
404	47	1
405	47	1
406	47	1
407	47	1
408	47	1
409	47	1
410	47	1
411	47	1
412	47	1
413	47	1
414	47	1
415	47	1
416	47	1
417	47	1
418	47	1
419	47	1
420	47	1
421	47	1
422	47	1
423	47	1
424	47	1
425	47	1
426	47	1
427	47	1
428	47	1
429	47	1
430	47	1
431	47	1
432	47	1
433	47	1
434	47	1
435	47	1
436	47	1
437	47	1
438	47	1
439	47	1
440	47	1
441	47	1
442	47	1
443	47	1
444	47	1
445	47	1
446	47	1
447	47	1
448	47	1
449	47	1
450	47	1
451	47	1
452	47	1
453	47	1
454	47	1
455	47	1
456	47	1
457	47	1
458	47	1
459	47	1
460	47	1
461	47	1
462	47	1
463	47	1
464	47	1
465	47	1
466	47	1
467	47	1
468	47	1
469	47	1
470	47	1
471	47	1
472	47	1
473	47	1
474	47	1
475	47	1
476	47	1
477	47	1
478	47	1
479	47	1
480	47	1
481	47	1
482	47	1
483	47	1
484	47	1
485	47	1
486	47	1
487	47	1
488	47	1
489	47	1
490	47	1
491	47	1
492	47	1
493	47	1
494	47	1
495	47	1
496	47	1
497	47	1
498	47	1
499	47	1
500	47	1
501	47	1
502	47	1
503	47	1
504	48	1
505	47	1
506	47	1
507	47	1
508	47	1
509	47	1
510	48	1
511	47	1
512	47	1
513	47	1
514	47	1
515	47	1
516	48	1
517	47	1
518	47	1
519	47	1
520	47	1
521	47	1
522	48	1
523	47	1
524	47	1
525	47	1
526	46	1
527	47	1
528	47	1
529	47	1
530	47	1
531	47	1
532	48	1
533	47	1
534	47	1
535	47	1
536	47	1
537	47	1
538	47	1
539	47	1
540	47	1
541	47	1
542	47	1
543	47	1
544	47	1
545	47	1
546	47	1
547	47	1
548	47	1
549	47	1
550	47	1
551	47	1
552	47	1
553	47	1
554	47	1
555	47	1
556	47	1
557	47	1
558	47	1
559	47	1
560	47	1
561	47	1
562	47	1
563	47	1
564	47	1
565	47	1
566	47	1
567	47	1
568	47	1
569	47	1
570	47	1
571	47	1
572	47	1
573	47	1
574	47	1
575	47	1
576	47	1
577	47	1
578	47	1
579	47	1
580	47	1
581	47	1
582	47	1
583	47	1
584	47	1
585	47	1
586	47	1
587	47	1
588	47	1
589	47	1
590	47	1
591	47	1
592	47	1
593	47	1
594	47	1
595	47	1
596	47	1
597	47	1
598	47	1
599	47	1
600	47	1
601	47	1
602	47	1
603	47	1
604	47	1
605	47	1
606	47	1
607	47	1
608	47	1
609	47	1
610	47	1
611	47	1
612	47	1
613	47	1
614	47	1
615	47	1
616	48	1
617	47	1
618	47	1
619	47	1
620	47	1
621	47	1
622	48	1
623	47	1
624	47	1
625	47	1
626	47	1
627	47	1
628	48	1
629	47	1
630	47	1
631	47	1
632	47	1
633	47	1
634	48	1
635	47	1
636	47	1
637	47	1
638	47	1
639	47	1
640	48	1
641	47	1
642	47	1
643	47	1
644	47	1
645	47	1
646	48	1
647	47	1
648	47	1
649	47	1
650	47	1
651	48	1
652	48	1
653	47	1
654	47	1
655	47	1
656	47	1
657	47	1
658	48	1
659	47	1
660	47	1
661	47	1
662	47	1
663	47	1
664	47	1
665	47	1
666	47	1
667	47	1
668	47	1
669	47	1
670	47	1
671	47	1
672	47	1
673	47	1
674	47	1
675	47	1
676	47	1
677	47	1
678	47	1
679	47	1
680	47	1
681	47	1
682	47	1
683	47	1
684	47	1
685	47	1
686	47	1
687	47	1
688	47	1
689	47	1
690	47	1
691	47	1
692	47	1
693	47	1
694	47	1
695	47	1
696	47	1
697	47	1
698	47	1
699	47	1
700	47	1
701	47	1
702	47	1
703	47	1
704	47	1
705	47	1
706	47	1
707	47	1
708	47	1
709	47	1
710	47	1
711	47	1
712	47	1
713	47	1
714	47	1
715	47	1
716	47	1
717	47	1
718	47	1
719	47	1
720	47	1
721	47	1
722	47	1
723	47	1
724	47	1
725	47	1
726	47	1
727	47	1
728	47	1
729	47	1
730	47	1
731	47	1
732	47	1
733	47	1
734	48	1
735	47	1
736	47	1
737	47	1
738	47	1
739	47	1
740	48	1
741	47	1
742	47	1
743	47	1
744	47	1
745	47	1
746	48	1
747	47	1
748	47	1
749	47	1
750	47	1
751	47	1
752	48	1
753	47	1
754	47	1
755	47	1
756	47	1
757	47	1
758	48	1
759	47	1
760	47	1
761	47	1
762	47	1
763	47	1
764	48	1
765	47	1
766	47	1
767	47	1
768	47	1
769	47	1
770	48	1
771	47	1
772	47	1
773	47	1
774	47	1
775	48	1
776	48	1
777	47	1
778	47	1
779	47	1
780	47	1
781	47	0
782	48	0
783	47	0
784	47	0
785	47	0
786	47	0
787	47	0
788	48	0
789	47	0
790	47	0
791	47	0
792	47	0
793	47	0
794	47	0
795	47	0
796	47	0
797	47	0
798	47	0
799	47	0
800	47	0
801	47	0
802	47	0
803	47	0
804	47	0
805	47	0
806	47	0
807	47	0
808	47	0
809	47	0
810	47	0
811	47	0
812	47	0
813	47	0
814	47	0
815	47	0
816	47	0
817	47	0
818	47	0
819	47	0
820	47	0
821	47	0
822	47	0
823	47	0
824	47	0
825	47	0
826	47	0
827	47	0
828	47	0
829	47	0
830	47	0
831	47	0
832	47	0
833	47	0
834	47	0
835	47	0
836	47	0
837	47	0
838	47	0
839	47	0
840	47	0
841	47	0
842	47	0
843	47	0
844	47	0
845	47	0
846	47	0
847	47	0
848	47	0
849	47	0
850	47	0
851	47	0
852	47	0
853	47	0
854	47	0
855	47	0
856	47	0
857	47	0
858	47	0
859	47	0
860	48	0
861	47	0
862	47	0
863	47	0
864	47	0
865	47	0
866	47	0
867	47	0
868	47	0
869	47	0
870	47	0
871	47	0
872	47	0
873	47	0
874	47	0
875	47	0
876	47	0
877	47	0
878	47	0
879	48	0
880	47	0
881	47	0
882	47	0
883	47	0
884	47	0
885	48	0
886	47	0
887	47	0
888	47	0
889	47	0
890	47	0
891	48	0
892	47	0
893	47	0
894	47	0
895	47	0
896	47	0
897	47	0
898	47	0
899	47	0
900	47	0
901	47	0
902	47	0
903	47	0
904	47	0
905	47	0
906	47	0
907	47	0
908	47	0
909	47	0
910	47	0
911	47	0
912	47	0
913	47	0
914	47	0
915	47	0
916	47	0
917	47	0
918	47	0
919	47	0
920	47	0
921	47	0
922	47	0
923	47	0
924	47	0
925	47	0
926	47	0
927	47	0
928	47	0
929	47	0
930	47	0
931	47	0
932	46	0
933	47	0
934	47	0
935	47	0
936	47	0
937	47	0
938	47	0
939	47	0
940	47	0
941	47	0
942	47	0
943	47	0
944	47	0
945	47	0
946	47	0
947	47	0
948	47	0
949	47	0
950	47	0
951	47	0
952	47	0
953	47	0
954	47	0
955	47	0
956	47	0
957	47	0
958	47	0
959	47	0
960	47	0
961	47	0
962	47	0
963	47	0
964	47	0
965	47	0
966	47	0
967	47	0
968	47	0
969	47	0
970	47	0
971	47	0
972	47	0
973	47	0
974	47	0
975	47	0
976	47	0
977	47	0
978	47	0
979	47	0
980	47	0
981	47	0
982	47	0
983	47	0
984	47	0
985	47	0
986	47	0
987	47	0
988	47	0
989	47	0
990	47	0
991	47	0
992	47	0
993	47	0
994	47	0
995	47	0
996	47	0
997	47	0
998	47	0
999	47	0
