Oscilloscope data. 
Time step = 10,00 nS
Voltage step = 3,125 mV
Zero level = 63

N 	Smpl.	Trig

0	48	0
1	48	0
2	47	0
3	47	0
4	47	0
5	48	0
6	47	0
7	48	0
8	48	0
9	47	0
10	47	0
11	48	0
12	48	0
13	47	0
14	48	0
15	47	0
16	48	0
17	47	0
18	47	0
19	47	0
20	47	0
21	48	0
22	48	0
23	47	0
24	47	0
25	47	0
26	48	0
27	47	0
28	48	0
29	47	0
30	47	0
31	47	0
32	47	0
33	47	0
34	48	0
35	47	0
36	47	0
37	47	0
38	47	0
39	47	0
40	48	0
41	47	0
42	47	0
43	47	0
44	47	0
45	47	0
46	48	0
47	47	0
48	47	0
49	47	0
50	47	0
51	47	0
52	48	0
53	47	0
54	47	0
55	47	0
56	47	0
57	47	0
58	48	0
59	47	0
60	47	0
61	47	0
62	47	0
63	47	0
64	48	0
65	47	0
66	47	0
67	47	0
68	47	0
69	47	0
70	48	0
71	47	0
72	47	0
73	47	0
74	47	0
75	47	0
76	48	0
77	47	0
78	47	0
79	47	0
80	47	0
81	47	0
82	48	0
83	47	0
84	47	0
85	47	0
86	47	0
87	47	0
88	48	0
89	48	0
90	47	0
91	47	0
92	47	0
93	48	0
94	46	0
95	47	0
96	47	0
97	47	0
98	47	0
99	48	0
100	47	0
101	47	1
102	47	1
103	47	1
104	47	1
105	47	1
106	47	1
107	48	1
108	47	1
109	47	1
110	47	1
111	47	1
112	47	1
113	48	1
114	47	1
115	47	1
116	47	1
117	47	1
118	47	1
119	48	1
120	47	1
121	47	1
122	47	1
123	47	1
124	47	1
125	48	1
126	47	1
127	48	1
128	47	1
129	47	1
130	47	1
131	48	1
132	47	1
133	48	1
134	48	1
135	47	1
136	47	1
137	48	1
138	48	1
139	47	1
140	48	1
141	47	1
142	48	1
143	47	1
144	48	1
145	47	1
146	47	1
147	47	1
148	47	1
149	47	1
150	48	1
151	48	1
152	47	1
153	47	1
154	47	1
155	51	1
156	135	1
157	159	1
158	161	1
159	162	1
160	164	1
161	165	1
162	165	1
163	164	1
164	165	1
165	165	1
166	165	1
167	165	1
168	165	1
169	165	1
170	166	1
171	166	1
172	166	1
173	167	1
174	167	1
175	167	1
176	167	1
177	167	1
178	168	1
179	168	1
180	168	1
181	169	1
182	169	1
183	169	1
184	169	1
185	170	1
186	170	1
187	171	1
188	171	1
189	171	1
190	171	1
191	172	1
192	171	1
193	171	1
194	172	1
195	173	1
196	173	1
197	173	1
198	173	1
199	173	1
200	173	1
201	173	1
202	173	1
203	174	1
204	175	1
205	175	1
206	175	1
207	175	1
208	176	1
209	175	1
210	176	1
211	176	1
212	176	1
213	177	1
214	177	1
215	177	1
216	177	1
217	178	1
218	177	1
219	177	1
220	178	1
221	179	1
222	179	1
223	179	1
224	179	1
225	179	1
226	179	1
227	179	1
228	180	1
229	180	1
230	180	1
231	180	1
232	181	1
233	181	1
234	181	1
235	181	1
236	182	1
237	181	1
238	182	1
239	182	1
240	183	1
241	183	1
242	183	1
243	183	1
244	183	1
245	183	1
246	184	1
247	184	1
248	183	1
249	184	1
250	184	1
251	185	1
252	185	1
253	185	1
254	186	1
255	186	1
256	185	1
257	187	1
258	187	1
259	187	1
260	187	1
261	187	1
262	187	1
263	187	1
264	187	1
265	188	1
266	187	1
267	188	1
268	188	1
269	189	1
270	189	1
271	189	1
272	189	1
273	189	1
274	189	1
275	189	1
276	189	1
277	191	1
278	191	1
279	191	1
280	191	1
281	191	1
282	191	1
283	191	1
284	191	1
285	191	1
286	191	1
287	192	1
288	192	1
289	191	1
290	192	1
291	193	1
292	193	1
293	193	1
294	194	1
295	194	1
296	193	1
297	193	1
298	194	1
299	195	1
300	194	1
301	194	1
302	195	1
303	195	1
304	195	1
305	195	1
306	195	1
307	195	1
308	196	1
309	196	1
310	196	1
311	197	1
312	197	1
313	197	1
314	197	1
315	197	1
316	197	1
317	197	1
318	197	1
319	197	1
320	198	1
321	198	1
322	198	1
323	198	1
324	199	1
325	199	1
326	199	1
327	199	1
328	199	1
329	199	1
330	199	1
331	200	1
332	200	1
333	200	1
334	200	1
335	200	1
336	201	1
337	200	1
338	200	1
339	201	1
340	201	1
341	201	1
342	201	1
343	202	1
344	202	1
345	201	1
346	202	1
347	203	1
348	203	1
349	203	1
350	203	1
351	203	1
352	203	1
353	203	1
354	203	1
355	203	1
356	204	1
357	203	1
358	204	1
359	204	1
360	205	1
361	205	1
362	205	1
363	205	1
364	205	1
365	205	1
366	205	1
367	205	1
368	205	1
369	205	1
370	205	1
371	206	1
372	207	1
373	206	1
374	206	1
375	207	1
376	207	1
377	207	1
378	207	1
379	207	1
380	207	1
381	207	1
382	207	1
383	207	1
384	155	1
385	67	1
386	45	1
387	46	1
388	47	1
389	47	1
390	48	1
391	48	1
392	48	1
393	48	1
394	47	1
395	48	1
396	47	1
397	48	1
398	47	1
399	48	1
400	48	1
401	47	1
402	47	1
403	47	1
404	48	1
405	47	1
406	48	1
407	47	1
408	47	1
409	47	1
410	47	1
411	47	1
412	48	1
413	47	1
414	47	1
415	47	1
416	47	1
417	47	1
418	48	1
419	47	1
420	47	1
421	47	1
422	47	1
423	47	1
424	48	1
425	47	1
426	47	1
427	47	1
428	46	1
429	47	1
430	47	1
431	47	1
432	47	1
433	47	1
434	47	1
435	47	1
436	47	1
437	47	1
438	47	1
439	47	1
440	47	1
441	47	1
442	47	1
443	47	1
444	47	1
445	47	1
446	47	1
447	47	1
448	47	1
449	47	1
450	48	1
451	47	1
452	47	1
453	47	1
454	47	1
455	47	1
456	47	1
457	47	1
458	47	1
459	47	1
460	47	1
461	47	1
462	47	1
463	47	1
464	47	1
465	47	1
466	47	1
467	47	1
468	47	1
469	47	1
470	47	1
471	47	1
472	47	1
473	47	1
474	47	1
475	47	1
476	47	1
477	47	1
478	47	1
479	47	1
480	47	1
481	47	1
482	47	1
483	47	1
484	47	1
485	47	1
486	47	1
487	47	1
488	47	1
489	47	1
490	47	1
491	47	1
492	47	1
493	47	1
494	47	1
495	47	1
496	47	1
497	47	1
498	47	1
499	47	1
500	47	1
501	47	1
502	47	1
503	47	1
504	47	1
505	47	1
506	47	1
507	47	1
508	47	1
509	47	1
510	47	1
511	47	1
512	47	1
513	47	1
514	47	1
515	47	1
516	47	1
517	47	1
518	47	1
519	47	1
520	47	1
521	47	1
522	47	1
523	47	1
524	47	1
525	47	1
526	47	1
527	47	1
528	47	1
529	47	1
530	47	1
531	47	1
532	47	1
533	47	1
534	47	1
535	47	1
536	47	1
537	47	1
538	48	1
539	47	1
540	47	1
541	47	1
542	47	1
543	48	1
544	48	1
545	47	1
546	47	1
547	47	1
548	48	1
549	47	1
550	48	1
551	47	1
552	47	1
553	47	1
554	48	1
555	47	1
556	48	1
557	47	1
558	47	1
559	47	1
560	47	1
561	47	1
562	48	1
563	47	1
564	47	1
565	47	1
566	47	1
567	47	1
568	48	1
569	47	1
570	47	1
571	47	1
572	47	1
573	47	1
574	48	1
575	47	1
576	47	1
577	47	1
578	47	1
579	47	1
580	48	1
581	47	1
582	47	1
583	47	1
584	47	1
585	47	1
586	48	1
587	47	1
588	47	1
589	47	1
590	47	1
591	47	1
592	48	1
593	47	1
594	47	1
595	47	1
596	47	1
597	47	1
598	48	1
599	47	1
600	47	1
601	47	1
602	47	1
603	47	1
604	48	1
605	47	1
606	47	1
607	47	1
608	47	1
609	47	1
610	48	1
611	47	1
612	47	1
613	47	1
614	47	1
615	47	1
616	48	1
617	47	1
618	47	1
619	47	1
620	47	1
621	47	1
622	48	1
623	47	1
624	47	1
625	47	1
626	47	1
627	48	1
628	48	1
629	47	1
630	47	1
631	47	1
632	48	1
633	47	1
634	48	1
635	47	1
636	47	1
637	47	1
638	47	1
639	48	1
640	48	1
641	47	1
642	47	1
643	47	1
644	48	1
645	46	1
646	48	1
647	47	1
648	47	1
649	47	1
650	47	1
651	47	1
652	48	1
653	47	1
654	47	1
655	47	1
656	47	1
657	47	1
658	48	1
659	47	1
660	47	1
661	47	1
662	47	1
663	47	1
664	47	1
665	47	1
666	47	1
667	47	1
668	47	1
669	48	1
670	47	1
671	47	1
672	47	1
673	47	1
674	47	1
675	48	1
676	47	1
677	48	1
678	47	1
679	47	1
680	47	1
681	47	1
682	47	1
683	48	1
684	47	1
685	47	1
686	47	1
687	47	1
688	47	1
689	48	1
690	47	1
691	47	1
692	47	1
693	47	1
694	47	1
695	48	1
696	47	1
697	47	1
698	47	1
699	47	1
700	47	1
701	48	1
702	47	1
703	47	1
704	47	1
705	47	1
706	47	1
707	47	1
708	47	1
709	47	1
710	48	1
711	47	1
712	47	1
713	47	1
714	47	1
715	48	1
716	48	1
717	47	1
718	47	1
719	47	1
720	48	1
721	47	1
722	48	1
723	47	1
724	47	1
725	47	1
726	48	1
727	47	1
728	48	1
729	47	1
730	47	1
731	47	1
732	47	1
733	47	1
734	48	1
735	48	1
736	47	1
737	47	1
738	47	1
739	48	1
740	47	1
741	48	1
742	47	1
743	47	1
744	47	1
745	48	1
746	47	1
747	48	1
748	47	1
749	47	1
750	47	1
751	47	1
752	47	1
753	48	1
754	47	1
755	47	1
756	47	1
757	47	1
758	47	1
759	48	1
760	48	1
761	47	1
762	47	1
763	47	1
764	48	1
765	46	1
766	48	1
767	47	1
768	47	1
769	47	1
770	48	1
771	47	1
772	48	1
773	47	1
774	47	1
775	48	1
776	47	1
777	47	1
778	47	1
779	47	1
780	48	1
781	48	1
782	47	1
783	47	0
784	47	0
785	48	0
786	47	0
787	48	0
788	47	0
789	47	0
790	47	0
791	47	0
792	47	0
793	47	0
794	47	0
795	47	0
796	47	0
797	48	0
798	47	0
799	47	0
800	47	0
801	47	0
802	47	0
803	48	0
804	47	0
805	47	0
806	47	0
807	47	0
808	47	0
809	48	0
810	47	0
811	47	0
812	47	0
813	47	0
814	47	0
815	48	0
816	47	0
817	47	0
818	47	0
819	47	0
820	47	0
821	48	0
822	48	0
823	47	0
824	47	0
825	47	0
826	48	0
827	47	0
828	48	0
829	47	0
830	47	0
831	47	0
832	47	0
833	47	0
834	48	0
835	47	0
836	47	0
837	47	0
838	47	0
839	48	0
840	48	0
841	47	0
842	47	0
843	47	0
844	48	0
845	47	0
846	48	0
847	47	0
848	47	0
849	47	0
850	47	0
851	47	0
852	48	0
853	47	0
854	47	0
855	47	0
856	47	0
857	48	0
858	48	0
859	47	0
860	47	0
861	47	0
862	48	0
863	47	0
864	48	0
865	47	0
866	47	0
867	47	0
868	47	0
869	47	0
870	48	0
871	47	0
872	48	0
873	47	0
874	47	0
875	47	0
876	47	0
877	47	0
878	48	0
879	47	0
880	47	0
881	47	0
882	47	0
883	47	0
884	48	0
885	47	0
886	47	0
887	47	0
888	47	0
889	47	0
890	48	0
891	47	0
892	47	0
893	47	0
894	47	0
895	47	0
896	48	0
897	47	0
898	47	0
899	47	0
900	47	0
901	47	0
902	48	0
903	47	0
904	47	0
905	47	0
906	47	0
907	47	0
908	48	0
909	47	0
910	47	0
911	47	0
912	47	0
913	47	0
914	48	0
915	47	0
916	48	0
917	47	0
918	47	0
919	47	0
920	47	0
921	47	0
922	48	0
923	47	0
924	47	0
925	47	0
926	47	0
927	47	0
928	48	0
929	47	0
930	47	0
931	47	0
932	47	0
933	47	0
934	48	0
935	47	0
936	47	0
937	47	0
938	47	0
939	47	0
940	48	0
941	47	0
942	48	0
943	47	0
944	47	0
945	47	0
946	48	0
947	47	0
948	48	0
949	47	0
950	47	0
951	47	0
952	47	0
953	47	0
954	48	0
955	47	0
956	47	0
957	47	0
958	47	0
959	47	0
960	48	0
961	47	0
962	47	0
963	47	0
964	47	0
965	47	0
966	48	0
967	47	0
968	47	0
969	47	0
970	47	0
971	47	0
972	48	0
973	47	0
974	47	0
975	47	0
976	47	0
977	47	0
978	48	0
979	47	0
980	47	0
981	47	0
982	47	0
983	47	0
984	48	0
985	47	0
986	48	0
987	47	0
988	47	0
989	47	0
990	47	0
991	47	0
992	48	0
993	47	0
994	47	0
995	47	0
996	47	0
997	47	0
998	48	0
999	47	0
